   5   4   5   5   4   2   1   1   1   1   2   4   5   5   5   5
   6   6   6   5   5   3   1   1   1   1   3  62  96  96  82  14
   5   5   4   3   3   2   1   1   1   1   8 141 201 203 179  34
   5   4   3   2   3   3   0   0   0   1   9 145 203 203 181  35
   4   3   2   2   3   3   0   0   0   0   7 142 197 197 174  33
   4   3   3   3   3   4   1   1   1   1   3  49  75  76  66  11
   4   3   5   5   4   4   2   3   2   2   3   3   4   4   4   3
   4  11  16  18  19  17  17  16   9   2   4  10  15  14  14   4
  12 116 168 172 172 171 171 169  83   5   8 113 167 167 140  22
   6 125 208 209 208 207 208 205 110   6  13 150 203 203 176  32
   3 125 206 208 208 207 206 203 108   7  12 152 203 203 178  31
   3 104 177 178 179 179 176 176  87   6   8 123 172 172 147  26
   5  11  19  18  18  17  16  17   8   3   3  10  14  15  14   6
   5   5   5   5   5   5   4   3   2   2   2   2   3   3   4   4
   5   4   4   4   5   5   4   2   2   2   2   2   2   2   3   3
   5   5   5   5   4   4   4   2   2   1   1   1   3   3   3   2
  11   9   9   9   8   7   5   6   6   7   7   8   9   9   9   9
   9   9   9   8   8   7   4   4   4   4   9  71 103 104  88  18
   9   9   9   8   8   8   5   6   6   6  16 149 202 204 178  38
   8   7   8   7   8   8   4   5   5   6  17 154 204 204 180  38
   8   8   8   7   8   7   5   5   6   6  16 149 198 198 173  35
   9   7   8   8   8   9   6   6   7   6   9  56  82  83  71  14
   8   8   9   9   8   8   7   8   7   7   8   8   8   8   9   8
  10  19  23  24  25  25  24  23  13   8   9  18  23  25  20   9
  20 124 171 173 173 174 173 170  85   9  15 121 169 170 143  27
  15 133 209 209 209 208 208 203 110  10  20 157 204 205 177  34
  11 135 208 208 208 208 208 204 109   9  20 159 204 204 177  33
  10 111 179 181 179 180 179 175  89   9  16 131 174 174 147  26
   9  17  28  28  28  28  27  25  13   8   8  17  24  25  20   9
   9   9   8   8   8   8   7   7   8   8   8   7   8   8   9   9
   9   8   9   9   9   9   9   7   7   7   7   7   7   8   8   8
   9   9   9   9   9   8   8   7   8   7   7   7   7   7   8   8
   8   7   6   5   5   3   1   2   2   2   3   4   6   6   6   5
   6   6   6   5   5   4   1   1   2   2   6  68  98  98  82  14
   5   6   4   4   4   3   1   2   2   2  14 146 192 194 167  29
   8   6   4   4   4   3   0   1   1   2  15 151 196 195 169  27
   6   4   3   4   4   5   1   1   1   2  14 146 188 186 162  27
   4   4   4   4   4   4   2   2   2   2   5  54  77  78  66   9
   5   4   5   5   5   6   3   3   3   3   4   4   5   5   5   4
   5  18  22  23  25  23  22  21   9   3   4  15  21  22  17   4
  17 123 166 165 167 168 166 161  75   3  13 121 166 165 135  19
  12 131 200 200 199 197 197 192  95   4  19 155 195 195 163  24
   8 132 198 199 201 199 197 193  97   3  18 156 196 195 166  25
   6 109 171 172 172 171 170 167  78   4  14 128 168 166 138  23
   5  15  25  26  25  24  24  24  10   3   4  14  20  20  17   7
   5   5   6   7   7   8   7   4   3   3   3   3   4   4   4   4
   5   4   4   4   5   5   4   3   3   3   3   3   3   3   4   4
   5   5   5   5   4   7   5   3   3   2   2   2   3   3   4   3

   5  14  34  35  33  11   3   4  22  32  31  26   6   4   3   2
   5  82 179 181 174  66   4  14 140 176 178 147  14   4   3   3
   5  96 203 203 197  76   4  14 167 203 203 172  15   3   2   3
   5  96 201 203 197  75   4  15 167 203 203 172  14   3   2   3
   4  62 141 145 142  49   3  10 113 150 152 123  10   2   2   1
   2   3   8   9   7   3   3   4   8  13  12   8   3   2   2   1
   1   1   1   1   0   1   2   2   5   6   7   6   3   2   2   1
   1   1   1   0   0   1   2   9  83 110 108  87   8   2   2   2
   1   1   1   0   0   1   3  16 169 205 203 176  17   3   2   2
   1   1   1   0   0   1   2  17 171 208 206 176  16   4   4   4
   2   3   2   3   3   4   4  17 171 207 207 179  17   5   5   4
   4   5   3   3   3   3   4  19 172 208 208 179  18   5   5   4
   5   5   3   2   2   3   5  18 172 209 208 178  18   5   4   5
   5   6   4   3   2   3   5  16 168 208 206 177  19   5   4   5
   4   6   5   4   3   3   3  11 116 125 125 104  11   5   4   5
   5   6   5   5   4   4   4   4  12   6   3   3   5   5   5   5
   9  18  38  38  35  14   8   9  27  34  33  26   9   9   8   8
   9  88 178 180 173  71   9  20 143 177 177 147  20   9   8   8
   9 104 204 204 198  83   8  25 170 205 204 174  25   8   8   7
   9 103 202 204 198  82   8  23 169 204 204 174  24   8   7   7
   8  71 149 154 149  56   8  18 121 157 159 131  17   7   7   7
   7   9  16  17  16   9   8   9  15  20  20  16   8   8   7   7
   7   4   6   6   6   6   7   8   9  10   9   9   8   8   7   7
   6   4   6   5   6   7   7  13  85 110 109  89  13   8   7   8
   6   4   6   5   5   6   8  23 170 203 204 175  25   7   7   7
   5   4   5   4   5   6   7  24 173 208 208 179  27   7   9   8
   7   7   8   8   7   9   8  25 174 208 208 180  28   8   9   8
   8   8   8   8   8   8   8  25 173 209 208 179  28   8   9   9
   9   8   8   7   7   8   9  24 173 209 208 181  28   8   9   9
   9   9   9   8   8   8   9  23 171 209 208 179  28   8   9   9
   9   9   9   7   8   7   8  19 124 133 135 111  17   9   8   9
  11   9   9   8   8   9   8  10  20  15  11  10   9   9   9   9
   5  14  29  27  27   9   4   4  19  24  25  23   7   4   4   3
   6  82 167 169 162  66   5  17 135 163 166 138  17   4   4   4
   6  98 194 195 186  78   5  22 165 195 195 166  20   4   3   3
   6  98 192 196 188  77   5  21 166 195 196 168  20   4   3   3
   4  68 146 151 146  54   4  15 121 155 156 128  14   3   3   2
   3   6  14  15  14   5   4   4  13  19  18  14   4   3   3   2
   2   2   2   2   2   2   3   3   3   4   3   4   3   3   3   2
   2   2   2   1   1   2   3   9  75  95  97  78  10   3   3   3
   2   1   2   1   1   2   3  21 161 192 193 167  24   4   3   3
   1   1   1   0   1   2   3  22 166 197 197 170  24   7   4   5
   3   4   3   3   5   4   6  23 168 197 199 171  24   8   5   7
   5   5   4   4   4   4   5  25 167 199 201 172  25   7   5   4
   5   5   4   4   4   4   5  23 165 200 199 172  26   7   4   5
   6   6   4   4   3   4   5  22 166 200 198 171  25   6   4   5
   7   6   6   6   4   4   4  18 123 131 132 109  15   5   4   5
   8   6   5   8   6   4   5   5  17  12   8   6   5   5   5   5

   2   3   3   3   1   1   1   2   2   4   4   4   5   5   5   5
   3   3   2   2   2   2   2   2   2   4   5   5   4   4   4   5
   4   4   3   3   2   2   2   2   3   4   5   5   5   5   5   5
   6  14  15  14  10   3   3   8  17  16  17  18  18  19  11   5
  26 147 172 172 123   8   6  87 176 176 179 179 178 177 104   3
  31 178 203 203 152  12   7 108 203 206 207 208 208 206 125   3
  32 176 203 203 150  13   6 110 205 208 207 208 209 208 125   6
  22 140 167 167 113   8   5  83 169 171 171 172 172 168 116  12
   4  14  14  15  10   4   2   9  16  17  17  19  18  16  11   4
   3   4   4   4   3   3   2   2   3   2   4   4   5   5   3   4
  11  66  76  75  49   3   1   1   1   1   4   3   3   3   3   4
  33 174 197 197 142   7   0   0   0   0   3   3   2   2   3   4
  35 181 203 203 145   9   1   0   0   0   3   3   2   3   4   5
  34 179 203 201 141   8   1   1   1   1   2   3   3   4   5   5
  14  82  96  96  62   3   1   1   1   1   3   5   5   6   6   6
   5   5   5   5   4   2   1   1   1   1   2   4   5   5   4   5
   8   8   7   7   7   7   7   8   7   8   8   9   9   9   9   9
   8   8   8   7   7   7   7   7   7   9   9   9   9   9   8   9
   9   9   8   8   7   8   8   8   7   7   8   8   8   8   9   9
   9  20  25  24  17   8   8  13  25  27  28  28  28  28  17   9
  26 147 174 174 131  16   9  89 175 179 180 179 181 179 111  10
  33 177 204 204 159  20   9 109 204 208 208 208 208 208 135  11
  34 177 205 204 157  20  10 110 203 208 208 209 209 209 133  15
  27 143 170 169 121  15   9  85 170 173 174 173 173 171 124  20
   9  20  25  23  18   9   8  13  23  24  25  25  24  23  19  10
   8   9   8   8   8   8   7   7   8   7   8   8   9   9   8   8
  14  71  83  82  56   9   6   7   6   6   9   8   8   8   7   9
  35 173 198 198 149  16   6   6   5   5   7   8   7   8   8   8
  38 180 204 204 154  17   6   5   5   4   8   8   7   8   7   8
  38 178 204 202 149  16   6   6   6   5   8   8   8   9   9   9
  18  88 104 103  71   9   4   4   4   4   7   8   8   9   9   9
   9   9   9   9   8   7   7   6   6   5   7   8   9   9   9  11
   3   4   3   3   2   2   2   3   3   5   7   4   5   5   5   5
   4   4   3   3   3   3   3   3   3   4   5   5   4   4   4   5
   4   4   4   4   3   3   3   3   4   7   8   7   7   6   5   5
   7  17  20  20  14   4   3  10  24  24  24  25  26  25  15   5
  23 138 166 168 128  14   4  78 167 170 171 172 172 171 109   6
  25 166 195 196 156  18   3  97 193 197 199 201 199 198 132   8
  24 163 195 195 155  19   4  95 192 197 197 199 200 200 131  12
  19 135 165 166 121  13   3  75 161 166 168 167 165 166 123  17
   4  17  22  21  15   4   3   9  21  22  23  25  23  22  18   5
   4   5   5   5   4   4   3   3   3   3   6   5   5   5   4   5
   9  66  78  77  54   5   2   2   2   2   4   4   4   4   4   4
  27 162 186 188 146  14   2   1   1   1   5   4   4   3   4   6
  27 169 195 196 151  15   2   1   1   0   3   4   4   4   6   8
  29 167 194 192 146  14   2   2   2   1   3   4   4   4   6   5
  14  82  98  98  68   6   2   2   1   1   4   5   5   6   6   6
   5   6   6   6   4   3   2   2   2   1   3   5   5   6   7   8

   5   5   5   5   3   3   6  12   4   4   4   4   5   5   6   5
   5   4   5  11 104 125 125 116  11   3   3   3   4   5   6   4
   5   4   5  19 177 206 208 168  16   5   3   2   3   4   6   5
   5   4   5  18 178 208 209 172  18   5   3   2   2   3   5   5
   4   5   5  18 179 208 208 172  19   4   3   3   3   3   5   4
   4   5   5  17 179 207 207 171  17   4   4   3   3   2   3   2
   4   4   4  16 176 206 208 171  17   2   1   0   0   1   1   1
   2   2   3  17 176 203 205 169  16   3   1   0   0   1   1   1
   2   2   2   8  87 108 110  83   9   2   1   0   0   1   1   1
   1   2   2   3   6   7   6   5   2   2   1   0   1   1   1   1
   1   2   2   3   8  12  13   8   4   3   3   7   9   8   3   2
   1   2   2  10 123 152 150 113  10   3  49 142 145 141  62   4
   3   2   3  14 172 203 203 167  15   4  75 197 203 201  96   5
   3   2   3  15 172 203 203 167  14   4  76 197 203 203  96   5
   3   3   4  14 147 178 176 140  14   4  66 174 181 179  82   5
   2   3   4   6  26  31  32  22   4   3  11  33  35  34  14   5
   9   9   9   9  10  11  15  20  10   8   9   8   8   9   9  11
   9   8   9  17 111 135 133 124  19   8   7   8   7   9   9   9
   9   9   8  28 179 208 209 171  23   9   8   8   8   9   9   9
   9   9   8  28 181 208 209 173  24   9   8   7   7   8   8   9
   9   9   8  28 179 208 209 173  25   8   8   8   8   8   8   8
   8   9   8  28 180 208 208 174  25   8   9   7   8   8   7   7
   8   9   7  27 179 208 208 173  24   7   6   5   4   5   4   5
   7   7   7  25 175 204 203 170  23   8   6   5   5   6   4   6
   8   7   8  13  89 109 110  85  13   7   7   6   5   6   4   6
   7   7   8   8   9   9  10   9   8   7   6   6   6   6   4   7
   7   7   8   8  16  20  20  15   9   8   9  16  17  16   9   7
   7   7   7  17 131 159 157 121  18   8  56 149 154 149  71   8
   7   7   8  24 174 204 204 169  23   8  82 198 204 202 103   9
   7   8   8  25 174 204 205 170  25   8  83 198 204 204 104   9
   8   8   9  20 147 177 177 143  20   9  71 173 180 178  88   9
   8   8   9   9  26  33  34  27   9   8  14  35  38  38  18   9
   5   5   5   5   6   8  12  17   5   5   4   6   8   5   6   8
   5   4   5  15 109 132 131 123  18   4   4   4   6   6   6   7
   5   4   6  25 171 198 200 166  22   5   4   3   4   4   6   6
   5   4   7  26 172 199 200 165  23   5   4   4   4   4   5   5
   4   5   7  25 172 201 199 167  25   5   4   4   4   4   5   5
   7   5   8  24 171 199 197 168  23   6   4   5   3   3   4   3
   5   4   7  24 170 197 197 166  22   3   2   1   0   1   1   1
   3   3   4  24 167 193 192 161  21   3   2   1   1   2   1   2
   3   3   3  10  78  97  95  75   9   3   2   1   1   2   2   2
   2   3   3   3   4   3   4   3   3   3   2   2   2   2   2   2
   2   3   3   4  14  18  19  13   4   4   5  14  15  14   6   3
   2   3   3  14 128 156 155 121  15   4  54 146 151 146  68   4
   3   3   4  20 168 196 195 166  21   5  77 188 196 192  98   6
   3   3   4  20 166 195 195 165  22   5  78 186 195 194  98   6
   4   4   4  17 138 166 163 135  17   5  66 162 169 167  82   6
   3   4   4   7  23  25  24  19   4   4   9  27  27  29  14   5

