 177 179 179 178 179  66  18  14  10  10  66 178 178 177 177 181
 179 180 179 180 179  67  14  15  12  13  81 178 178 177 179 180
 180 180 181 181 180  79  18  18  14  16  84 178 179 180 178 177
 180 180 181 181 181  63  14  14  13  15  75 179 179 180 179 178
 179 180 180 181 181  64  16  15  16  15  82 181 180 181 181 180
 181 180 182 183 181 159 159 148 146 156 118  59  54  60  60  54
 180 183 183 182 179 181 182 181 176 179 133  17  15  18  16  18
 181 182 183 182 176 175 177 179 180 179 125  19  15  16  17  16
 181 182 182 178 178 177 181 181 180 180 130  20  16  18  16  19
 182 182 177 181 179 179 182 182 176 181 135  20  16  19  20  21
 123 106 118 120 109 172 181 181 181 182 119  19  15  18  21  19
  16  18  18  21  20 146 182 182 182 182 124  18  14  15  19  15
  16  15  17  18  18 146 181 182 183 182 129  19  18  19  22  20
  12  17  20  18  18 146 182 183 183 181 119  19  20  21  19  17
  17  18  22  16  12 149 183 182 183 179 120  19  18  20  16  16
  18  11  16  13  14 143 179 178 180 175 121  20  19  18  19  17
 175 175 176 175 175  61  16  13   9   8  65 174 175 173 174 179
 177 178 176 175 175  62  11  15  12  11  79 174 175 174 173 174
 177 178 178 176 176  76  12  13  12  14  78 174 176 176 174 173
 178 177 178 179 177  61  12  13  10  13  70 175 175 176 175 176
 178 178 178 178 177  61  14  12  12  11  80 177 176 176 178 176
 179 178 179 179 178 157 157 145 142 155 117  58  49  50  54  50
 178 182 179 180 177 177 176 177 173 175 131  16  15  16  14  13
 179 180 179 178 174 171 174 175 176 174 119  14  15  14  15  15
 178 179 179 175 174 173 178 178 176 174 122  16  15  13  13  15
 180 179 173 178 177 176 179 178 173 178 128  15  16  16  17  17
 117 103 116 114 103 170 177 177 178 178 119  17  14  16  15  13
  12  13  17  19  18 143 179 179 179 179 122  16  14  14  14  12
  11  14  16  17  17 139 179 180 180 178 123  14  16  16  15  13
  11  14  17  16  17 141 179 181 180 178 114  16  17  13  13  14
  14  16  17  13  12 149 179 178 179 174 118  16  15  14  12  15
  12  11  15  13  14 144 175 173 176 174 120  13  14  15  14  14
 183 182 183 182 181  67  17  13  10   9  70 179 181 179 179 184
 182 185 183 183 181  68  14  15  12  12  84 179 179 178 177 178
 183 184 185 184 183  82  15  16  13  15  83 180 180 180 178 178
 183 184 185 185 183  67  13  14  11  15  77 180 179 181 179 179
 182 183 183 183 183  68  18  17  17  17  87 180 180 181 180 180
 184 183 184 184 183 160 161 151 147 159 123  62  54  58  59  55
 183 187 183 184 181 181 180 181 176 179 135  19  15  18  16  15
 183 184 184 182 177 175 176 178 180 177 125  17  15  15  17  15
 183 184 183 179 177 176 182 181 180 178 129  20  15  17  15  17
 183 183 178 183 181 178 183 182 176 181 134  18  16  18  20  19
 123 109 120 118 110 174 181 182 181 181 124  18  14  16  18  16
  14  17  18  20  21 148 183 182 182 182 126  19  14  15  16  14
  14  14  16  17  19 144 183 181 182 181 128  19  18  18  18  16
  11  15  18  17  18 145 183 182 182 180 117  19  18  16  16  16
  15  17  19  14  13 153 182 181 183 177 121  19  17  17  13  15
  13  11  15  13  16 147 179 177 180 175 122  17  16  15  15  14

 181 180 177 178 180  54  18  16  19  21  19  15  20  17  16  17
 177 179 178 179 181  60  16  17  16  20  21  19  22  19  16  19
 177 177 180 180 181  60  18  16  18  19  18  15  19  21  20  18
 178 178 179 179 180  54  15  15  16  16  15  14  18  20  18  19
 178 178 178 179 181  59  17  19  20  20  19  18  19  19  19  20
  66  81  84  75  82 118 133 125 130 135 119 124 129 119 120 121
  10  13  16  15  15 156 179 179 180 181 182 182 182 181 179 175
  10  12  14  13  16 146 176 180 180 176 181 182 183 183 183 180
  14  15  18  14  15 148 181 179 181 182 181 182 182 183 182 178
  18  14  18  14  16 159 182 177 181 182 181 182 181 182 183 179
  66  67  79  63  64 159 181 175 177 179 172 146 146 146 149 143
 179 179 180 181 181 181 179 176 178 179 109  20  18  18  12  14
 178 180 181 181 181 183 182 182 178 181 120  21  18  18  16  13
 179 179 181 181 180 182 183 183 182 177 118  18  17  20  22  16
 179 180 180 180 180 180 183 182 182 182 106  18  15  17  18  11
 177 179 180 180 179 181 180 181 181 182 123  16  16  12  17  18
 179 174 173 176 176  50  13  15  15  17  13  12  13  14  15  14
 174 173 174 175 178  54  14  15  13  17  15  14  15  13  12  14
 173 174 176 176 176  50  16  14  13  16  16  14  16  13  14  15
 175 175 176 175 176  49  15  15  15  16  14  14  16  17  15  14
 174 174 174 175 177  58  16  14  16  15  17  16  14  16  16  13
  65  79  78  70  80 117 131 119 122 128 119 122 123 114 118 120
   8  11  14  13  11 155 175 174 174 178 178 179 178 178 174 174
   9  12  12  10  12 142 173 176 176 173 178 179 180 180 179 176
  13  15  13  13  12 145 177 175 178 178 177 179 180 181 178 173
  16  11  12  12  14 157 176 174 178 179 177 179 179 179 179 175
  61  62  76  61  61 157 177 171 173 176 170 143 139 141 149 144
 175 175 176 177 177 178 177 174 174 177 103  18  17  17  12  14
 175 175 176 179 178 179 180 178 175 178 114  19  17  16  13  13
 176 176 178 178 178 179 179 179 179 173 116  17  16  17  17  15
 175 178 178 177 178 178 182 180 179 179 103  13  14  14  16  11
 175 177 177 178 178 179 178 179 178 180 117  12  11  11  14  12
 184 178 178 179 180  55  15  15  17  19  16  14  16  16  15  14
 179 177 178 179 180  59  16  17  15  20  18  16  18  16  13  15
 179 178 180 181 181  58  18  15  17  18  16  15  18  16  17  15
 181 179 180 179 180  54  15  15  15  16  14  14  18  18  17  16
 179 179 180 180 180  62  19  17  20  18  18  19  19  19  19  17
  70  84  83  77  87 123 135 125 129 134 124 126 128 117 121 122
   9  12  15  15  17 159 179 177 178 181 181 182 181 180 177 175
  10  12  13  11  17 147 176 180 180 176 181 182 182 182 183 180
  13  15  16  14  17 151 181 178 181 182 182 182 181 182 181 177
  17  14  15  13  18 161 180 176 182 183 181 183 183 183 182 179
  67  68  82  67  68 160 181 175 176 178 174 148 144 145 153 147
 181 181 183 183 183 183 181 177 177 181 110  21  19  18  13  16
 182 183 184 185 183 184 184 182 179 183 118  20  17  17  14  13
 183 183 185 185 183 184 183 184 183 178 120  18  16  18  19  15
 182 185 184 184 183 183 187 184 184 183 109  17  14  15  17  11
 183 182 183 183 182 184 183 183 183 183 123  14  14  11  15  13

  17  19  18  19  20 121 175 180 178 179 143  14  13  16  11  18
  16  16  20  18  19 120 179 183 182 183 149  12  16  22  18  17
  17  19  21  20  19 119 181 183 183 182 146  18  18  20  17  12
  20  22  19  18  19 129 182 183 182 181 146  18  18  17  15  16
  15  19  15  14  18 124 182 182 182 182 146  20  21  18  18  16
  19  21  18  15  19 119 182 181 181 181 172 109 120 118 106 123
  21  20  19  16  20 135 181 176 182 182 179 179 181 177 182 182
  19  16  18  16  20 130 180 180 181 181 177 178 178 182 182 181
  16  17  16  15  19 125 179 180 179 177 175 176 182 183 182 181
  18  16  18  15  17 133 179 176 181 182 181 179 182 183 183 180
  54  60  60  54  59 118 156 146 148 159 159 181 183 182 180 181
 180 181 181 180 181  82  15  16  15  16  64 181 181 180 180 179
 178 179 180 179 179  75  15  13  14  14  63 181 181 181 180 180
 177 178 180 179 178  84  16  14  18  18  79 180 181 181 180 180
 180 179 177 178 178  81  13  12  15  14  67 179 180 179 180 179
 181 177 177 178 178  66  10  10  14  18  66 179 178 179 179 177
  14  14  15  14  13 120 174 176 173 175 144  14  13  15  11  12
  15  12  14  15  16 118 174 179 178 179 149  12  13  17  16  14
  14  13  13  17  16 114 178 180 181 179 141  17  16  17  14  11
  13  15  16  16  14 123 178 180 180 179 139  17  17  16  14  11
  12  14  14  14  16 122 179 179 179 179 143  18  19  17  13  12
  13  15  16  14  17 119 178 178 177 177 170 103 114 116 103 117
  17  17  16  16  15 128 178 173 178 179 176 177 178 173 179 180
  15  13  13  15  16 122 174 176 178 178 173 174 175 179 179 178
  15  15  14  15  14 119 174 176 175 174 171 174 178 179 180 179
  13  14  16  15  16 131 175 173 177 176 177 177 180 179 182 178
  50  54  50  49  58 117 155 142 145 157 157 178 179 179 178 179
 176 178 176 176 177  80  11  12  12  14  61 177 178 178 178 178
 176 175 176 175 175  70  13  10  13  12  61 177 179 178 177 178
 173 174 176 176 174  78  14  12  13  12  76 176 176 178 178 177
 174 173 174 175 174  79  11  12  15  11  62 175 175 176 178 177
 179 174 173 175 174  65   8   9  13  16  61 175 175 176 175 175
  14  15  15  16  17 122 175 180 177 179 147  16  13  15  11  13
  15  13  17  17  19 121 177 183 181 182 153  13  14  19  17  15
  16  16  16  18  19 117 180 182 182 183 145  18  17  18  15  11
  16  18  18  18  19 128 181 182 181 183 144  19  17  16  14  14
  14  16  15  14  19 126 182 182 182 183 148  21  20  18  17  14
  16  18  16  14  18 124 181 181 182 181 174 110 118 120 109 123
  19  20  18  16  18 134 181 176 182 183 178 181 183 178 183 183
  17  15  17  15  20 129 178 180 181 182 176 177 179 183 184 183
  15  17  15  15  17 125 177 180 178 176 175 177 182 184 184 183
  15  16  18  15  19 135 179 176 181 180 181 181 184 183 187 183
  55  59  58  54  62 123 159 147 151 161 160 183 184 184 183 184
 180 180 181 180 180  87  17  17  17  18  68 183 183 183 183 182
 179 179 181 179 180  77  15  11  14  13  67 183 185 185 184 183
 178 178 180 180 180  83  15  13  16  15  82 183 184 185 184 183
 178 177 178 179 179  84  12  12  15  14  68 181 183 183 185 182
 184 179 179 181 179  70   9  10  13  17  67 181 182 183 182 183

  18  17  12  16  16 123 182 181 181 180 181 179 180 180 179 177
  11  18  17  15  18 106 182 182 182 183 180 180 180 180 180 179
  16  22  20  17  18 118 177 182 183 183 182 180 181 181 179 179
  13  16  18  18  21 120 181 178 182 182 183 181 181 181 180 178
  14  12  18  18  20 109 179 178 176 179 181 181 181 180 179 179
 143 149 146 146 146 172 179 177 175 181 159  64  63  79  67  66
 179 183 182 181 182 181 182 181 177 182 159  16  14  18  14  18
 178 182 183 182 182 181 182 181 179 181 148  15  14  18  15  14
 180 183 183 183 182 181 176 180 180 176 146  16  13  14  12  10
 175 179 181 182 182 182 181 180 179 179 156  15  15  16  13  10
 121 120 119 129 124 119 135 130 125 133 118  82  75  84  81  66
  20  19  19  19  18  19  20  20  19  17  59 181 179 178 178 178
  19  18  20  18  14  15  16  16  15  15  54 180 179 179 178 178
  18  20  21  19  15  18  19  18  16  18  60 181 180 180 177 177
  19  16  19  22  19  21  20  16  17  16  60 181 179 178 179 177
  17  16  17  20  15  19  21  19  16  18  54 180 178 177 180 181
  12  14  11  11  12 117 180 178 179 178 179 178 178 177 177 175
  11  16  14  14  13 103 179 179 180 182 178 178 177 178 178 175
  15  17  17  16  17 116 173 179 179 179 179 178 178 178 176 176
  13  13  16  17  19 114 178 175 178 180 179 178 179 176 175 175
  14  12  17  17  18 103 177 174 174 177 178 177 177 176 175 175
 144 149 141 139 143 170 176 173 171 177 157  61  61  76  62  61
 175 179 179 179 179 177 179 178 174 176 157  14  12  12  11  16
 173 178 181 180 179 177 178 178 175 177 145  12  13  13  15  13
 176 179 180 180 179 178 173 176 176 173 142  12  10  12  12   9
 174 174 178 178 179 178 178 174 174 175 155  11  13  14  11   8
 120 118 114 123 122 119 128 122 119 131 117  80  70  78  79  65
  13  16  16  14  16  17  15  16  14  16  58 177 175 174 174 174
  14  15  17  16  14  14  16  15  15  15  49 176 175 176 175 175
  15  14  13  16  14  16  16  13  14  16  50 176 176 176 174 173
  14  12  13  15  14  15  17  13  15  14  54 178 175 174 173 174
  14  15  14  13  12  13  17  15  15  13  50 176 176 173 174 179
  13  15  11  14  14 123 183 183 183 183 184 182 183 183 182 183
  11  17  15  14  17 109 183 184 184 187 183 183 184 184 185 182
  15  19  18  16  18 120 178 183 184 183 184 183 185 185 183 183
  13  14  17  17  20 118 183 179 182 184 184 183 185 184 183 182
  16  13  18  19  21 110 181 177 177 181 183 183 183 183 181 181
 147 153 145 144 148 174 178 176 175 181 160  68  67  82  68  67
 179 182 183 183 183 181 183 182 176 180 161  18  13  15  14  17
 177 181 182 181 182 182 182 181 178 181 151  17  14  16  15  13
 180 183 182 182 182 181 176 180 180 176 147  17  11  13  12  10
 175 177 180 181 182 181 181 178 177 179 159  17  15  15  12   9
 122 121 117 128 126 124 134 129 125 135 123  87  77  83  84  70
  17  19  19  19  19  18  18  20  17  19  62 180 180 180 179 179
  16  17  18  18  14  14  16  15  15  15  54 180 179 180 179 181
  15  17  16  18  15  16  18  17  15  18  58 181 181 180 178 179
  15  13  16  18  16  18  20  15  17  16  59 180 179 178 177 179
  14  15  16  16  14  16  19  17  15  15  55 180 179 178 178 184

