 171 188 186 188 188 185 188 190 185 188 190 184 190 190 185 189
 183 189 189 191 189 190 190 190 191 190 189 190 191 191 191 191
 176 188 190 188 188 189 190 190 188 189 190 191 192 191 191 191
 182 189 188 189 189 189 189 190 189 190 190 191 190 191 190 191
 182 188 190 190 191 191 190 190 190 191 189 191 191 191 191 192
 175 190 190 191 190 189 189 189 190 190 192 192 190 191 191 193
 186 190 190 191 191 189 188 192 193 190 191 192 188 191 192 193
 174 191 190 191 191 190 190 190 191 189 190 193 194 191 193 194
 182 191 189 191 190 192 191 189 192 194 192 192 193 192 192 191
 184 190 190 191 189 190 191 191 192 193 192 193 193 191 192 188
 147 145 147 151 148 172 190 190 191 190 181 149 154 148 153 152
  21  25  21  24  31 119 191 188 192 191 154  22  26  24  28  27
  21  23  22  24  25 125 189 189 191 190 152  26  24  23  26  24
  22  18  22  22  21 129 191 192 191 192 158  27  22  23  26  25
  21  20  24  28  25 115 189 190 190 190 149  25  25  24  25  26
  24  23  24  23  20 135 191 189 189 191 155  24  23  21  22  21
 169 186 186 185 187 183 186 186 180 184 187 182 186 188 183 186
 182 186 188 186 186 186 187 187 186 187 187 187 187 187 188 187
 175 186 186 185 186 186 188 187 186 186 188 188 188 186 187 189
 180 186 187 187 186 187 186 186 187 187 188 186 186 189 188 188
 180 186 187 185 186 186 187 186 187 188 186 185 186 187 187 189
 173 187 187 187 187 184 185 187 187 185 187 186 186 187 186 189
 183 188 187 188 186 185 185 187 187 186 187 187 187 188 187 187
 173 188 188 187 187 184 187 187 187 187 188 189 188 188 189 188
 183 189 188 190 188 187 187 187 189 191 188 189 188 187 188 187
 182 188 187 189 187 188 187 187 188 190 186 188 188 186 187 187
 144 140 143 148 144 171 188 186 186 188 176 145 150 144 148 148
  16  15  14  19  25 118 188 187 188 189 148  18  20  16  19  22
  18  17  15  19  20 120 186 188 189 189 148  18  18  16  19  20
  17  17  18  17  18 126 188 189 189 188 153  19  17  16  19  19
  15  17  17  19  20 116 187 187 188 187 143  17  17  19  18  17
  16  16  15  16  16 135 188 186 187 188 148  17  15  17  17  17
 174 190 188 188 190 187 190 189 183 187 190 185 190 190 184 187
 185 190 189 189 189 190 190 190 189 188 188 188 190 188 188 188
 179 189 190 188 188 189 190 189 187 188 189 189 190 187 189 188
 182 189 190 190 189 190 190 188 186 190 188 187 188 188 189 188
 183 188 189 188 189 188 188 188 188 190 188 186 188 188 188 188
 177 189 189 188 189 187 189 187 189 188 188 188 187 187 188 188
 186 192 191 191 189 188 187 189 189 190 188 189 186 190 188 188
 177 191 191 191 188 186 188 189 190 189 189 190 190 189 189 186
 185 190 190 190 189 190 190 188 190 190 188 189 190 188 189 187
 185 188 190 189 189 191 189 188 189 190 189 189 189 186 187 187
 148 144 146 149 145 174 188 188 187 188 178 148 152 145 148 150
  19  20  17  20  26 122 188 188 190 189 151  22  22  20  23  23
  19  18  16  20  23 124 186 187 189 189 150  22  20  17  20  20
  19  17  19  18  19 130 189 190 190 189 154  24  18  18  21  20
  17  18  18  22  21 121 187 189 189 188 144  24  19  20  20  19
  19  17  17  18  17 137 188 187 187 188 150  20  18  17  19  17

 189 191 191 191 192 193 193 194 191 188 152  27  24  25  26  21
 185 191 191 190 191 191 192 193 192 192 153  28  26  26  25  22
 190 191 191 191 191 191 191 191 192 191 148  24  23  23  24  21
 190 191 192 190 191 190 188 194 193 193 154  26  24  22  25  23
 184 190 191 191 191 192 192 193 192 193 149  22  26  27  25  24
 190 189 190 190 189 192 191 190 192 192 181 154 152 158 149 155
 188 190 189 190 191 190 190 189 194 193 190 191 190 192 190 191
 185 191 188 189 190 190 193 191 192 192 191 192 191 191 190 189
 190 190 190 190 190 189 192 190 189 191 190 188 189 192 190 189
 188 190 190 189 190 189 188 190 191 191 190 191 189 191 189 191
 185 190 189 189 191 189 189 190 192 190 172 119 125 129 115 135
 188 189 188 189 191 190 191 191 190 189 148  31  25  21  25  20
 188 191 188 189 190 191 191 191 191 191 151  24  24  22  28  23
 186 189 190 188 190 190 190 190 189 190 147  21  22  22  24  24
 188 189 188 189 188 190 190 191 191 190 145  25  23  18  20  23
 171 183 176 182 182 175 186 174 182 184 147  21  21  22  21  24
 186 187 189 188 189 189 187 188 187 187 148  22  20  19  17  17
 183 188 187 188 187 186 187 189 188 187 148  19  19  19  18  17
 188 187 186 189 187 187 188 188 187 186 144  16  16  16  19  17
 186 187 188 186 186 186 187 188 188 188 150  20  18  17  17  15
 182 187 188 186 185 186 187 189 189 188 145  18  18  19  17  17
 187 187 188 188 186 187 187 188 188 186 176 148 148 153 143 148
 184 187 186 187 188 185 186 187 191 190 188 189 189 188 187 188
 180 186 186 187 187 187 187 187 189 188 186 188 189 189 188 187
 186 187 187 186 186 187 187 187 187 187 186 187 188 189 187 186
 186 187 188 186 187 185 185 187 187 187 188 188 186 188 187 188
 183 186 186 187 186 184 185 184 187 188 171 118 120 126 116 135
 187 186 186 186 186 187 186 187 188 187 144  25  20  18  20  16
 185 186 185 187 185 187 188 187 190 189 148  19  19  17  19  16
 186 188 186 187 187 187 187 188 188 187 143  14  15  18  17  15
 186 186 186 186 186 187 188 188 189 188 140  15  17  17  17  16
 169 182 175 180 180 173 183 173 183 182 144  16  18  17  15  16
 187 188 188 188 188 188 188 186 187 187 150  23  20  20  19  17
 184 188 189 189 188 188 188 189 189 187 148  23  20  21  20  19
 190 188 187 188 188 187 190 189 188 186 145  20  17  18  20  17
 190 190 190 188 188 187 186 190 190 189 152  22  20  18  19  18
 185 188 189 187 186 188 189 190 189 189 148  22  22  24  24  20
 190 188 189 188 188 188 188 189 188 189 178 151 150 154 144 150
 187 188 188 190 190 188 190 189 190 190 188 189 189 189 188 188
 183 189 187 186 188 189 189 190 190 189 187 190 189 190 189 187
 189 190 189 188 188 187 189 189 188 188 188 188 187 190 189 187
 190 190 190 190 188 189 187 188 190 189 188 188 186 189 187 188
 187 190 189 190 188 187 188 186 190 191 174 122 124 130 121 137
 190 189 188 189 189 189 189 188 189 189 145  26  23  19  21  17
 188 189 188 190 188 188 191 191 190 189 149  20  20  18  22  18
 188 189 190 190 189 189 191 191 190 190 146  17  16  19  18  17
 190 190 189 189 188 189 192 191 190 188 144  20  18  17  18  17
 174 185 179 182 183 177 186 177 185 185 148  19  19  19  17  19

  21  22  21  23  24 155 191 189 189 191 135  20  23  24  23  24
  26  25  24  25  25 149 190 190 190 189 115  25  28  24  20  21
  25  26  23  22  27 158 192 191 192 191 129  21  22  22  18  22
  24  26  23  24  26 152 190 191 189 189 125  25  24  22  23  21
  27  28  24  26  22 154 191 192 188 191 119  31  24  21  25  21
 152 153 148 154 149 181 190 191 190 190 172 148 151 147 145 147
 188 192 191 193 193 192 193 192 191 191 190 189 191 190 190 184
 191 192 192 193 192 192 194 192 189 191 192 190 191 189 191 182
 194 193 191 194 193 190 189 191 190 190 190 191 191 190 191 174
 193 192 191 188 192 191 190 193 192 188 189 191 191 190 190 186
 193 191 191 190 192 192 190 190 189 189 189 190 191 190 190 175
 192 191 191 191 191 189 191 190 190 190 191 191 190 190 188 182
 191 190 191 190 191 190 190 189 190 189 189 189 189 188 189 182
 191 191 191 192 191 190 189 188 190 190 189 188 188 190 188 176
 191 191 191 191 190 189 190 191 190 190 190 189 191 189 189 183
 189 185 190 190 184 190 188 185 190 188 185 188 188 186 188 171
  17  17  17  15  17 148 188 187 186 188 135  16  16  15  16  16
  17  18  19  17  17 143 187 188 187 187 116  20  19  17  17  15
  19  19  16  17  19 153 188 189 189 188 126  18  17  18  17  17
  20  19  16  18  18 148 189 189 188 186 120  20  19  15  17  18
  22  19  16  20  18 148 189 188 187 188 118  25  19  14  15  16
 148 148 144 150 145 176 188 186 186 188 171 144 148 143 140 144
 187 187 186 188 188 186 190 188 187 187 188 187 189 187 188 182
 187 188 187 188 189 188 191 189 187 187 187 188 190 188 189 183
 188 189 188 188 189 188 187 187 187 187 184 187 187 188 188 173
 187 187 188 187 187 187 186 187 187 185 185 186 188 187 188 183
 189 186 187 186 186 187 185 187 187 185 184 187 187 187 187 173
 189 187 187 186 185 186 188 187 186 187 186 186 185 187 186 180
 188 188 189 186 186 188 187 187 186 186 187 186 187 187 186 180
 189 187 186 188 188 188 186 186 187 188 186 186 185 186 186 175
 187 188 187 187 187 187 187 186 187 187 186 186 186 188 186 182
 186 183 188 186 182 187 184 180 186 186 183 187 185 186 186 169
  17  19  17  18  20 150 188 187 187 188 137  17  18  17  17  19
  19  20  20  19  24 144 188 189 189 187 121  21  22  18  18  17
  20  21  18  18  24 154 189 190 190 189 130  19  18  19  17  19
  20  20  17  20  22 150 189 189 187 186 124  23  20  16  18  19
  23  23  20  22  22 151 189 190 188 188 122  26  20  17  20  19
 150 148 145 152 148 178 188 187 188 188 174 145 149 146 144 148
 187 187 186 189 189 189 190 189 188 189 191 189 189 190 188 185
 187 189 188 190 189 188 190 190 188 190 190 189 190 190 190 185
 186 189 189 190 190 189 189 190 189 188 186 188 191 191 191 177
 188 188 190 186 189 188 190 189 189 187 188 189 191 191 192 186
 188 188 187 187 188 188 188 189 187 189 187 189 188 189 189 177
 188 188 188 188 186 188 190 188 188 188 188 189 188 189 188 183
 188 189 188 188 187 188 190 186 188 190 190 189 190 190 189 182
 188 189 187 190 189 189 188 187 189 190 189 188 188 190 189 179
 188 188 188 190 188 188 188 189 190 190 190 189 189 189 190 185
 187 184 190 190 185 190 187 183 189 190 187 190 188 188 190 174

  24  21  22  21  21 147 184 182 174 186 175 182 182 176 183 171
  23  20  18  23  25 145 190 191 191 190 190 188 189 188 189 188
  24  24  22  22  21 147 190 189 190 190 190 190 188 190 189 186
  23  28  22  24  24 151 191 191 191 191 191 190 189 188 191 188
  20  25  21  25  31 148 189 190 191 191 190 191 189 188 189 188
 135 115 129 125 119 172 190 192 190 189 189 191 189 189 190 185
 191 189 191 189 191 190 191 191 190 188 189 190 189 190 190 188
 189 190 192 189 188 190 191 189 190 192 189 190 190 190 190 190
 189 190 191 191 192 191 192 192 191 193 190 190 189 188 191 185
 191 190 192 190 191 190 193 194 189 190 190 191 190 189 190 188
 155 149 158 152 154 181 192 192 190 191 192 189 190 190 189 190
  24  25  27  26  22 149 193 192 193 192 192 191 191 191 190 184
  23  25  22  24  26 154 193 193 194 188 190 191 190 192 191 190
  21  24  23  23  24 148 191 192 191 191 191 191 191 191 191 190
  22  25  26  26  28 153 192 192 193 192 191 191 190 191 191 185
  21  26  25  24  27 152 188 191 194 193 193 192 191 191 191 189
  16  15  17  18  16 144 182 183 173 183 173 180 180 175 182 169
  16  17  17  17  15 140 188 189 188 188 187 186 186 186 186 186
  15  17  18  15  14 143 187 188 188 187 187 187 187 186 188 186
  16  19  17  19  19 148 189 190 187 188 187 185 187 185 186 185
  16  20  18  20  25 144 187 188 187 186 187 186 186 186 186 187
 135 116 126 120 118 171 188 187 184 185 184 186 187 186 186 183
 188 187 188 186 188 188 187 187 187 185 185 187 186 188 187 186
 186 187 189 188 187 186 187 187 187 187 187 186 186 187 187 186
 187 188 189 189 188 186 188 189 187 187 187 187 187 186 186 180
 188 187 188 189 189 188 190 191 187 186 185 188 187 186 187 184
 148 143 153 148 148 176 186 188 188 187 187 186 188 188 187 187
  17  17  19  18  18 145 188 189 189 187 186 185 186 188 187 182
  15  17  17  18  20 150 188 188 188 187 186 186 186 188 187 186
  17  19  16  16  16 144 186 187 188 188 187 187 189 186 187 188
  17  18  19  19  19 148 187 188 189 187 186 187 188 187 188 183
  17  17  19  20  22 148 187 187 188 187 189 189 188 189 187 186
  19  17  19  19  19 148 185 185 177 186 177 183 182 179 185 174
  17  18  17  18  20 144 188 190 191 192 189 188 189 189 190 190
  17  18  19  16  17 146 190 190 191 191 189 189 190 190 189 188
  18  22  18  20  20 149 189 190 191 191 188 188 190 188 189 188
  17  21  19  23  26 145 189 189 188 189 189 189 189 188 189 190
 137 121 130 124 122 174 191 190 186 188 187 188 190 189 190 187
 188 187 189 186 188 188 189 190 188 187 189 188 190 190 190 190
 187 189 190 187 188 188 188 188 189 189 187 188 188 189 190 189
 187 189 190 189 190 187 189 190 190 189 189 188 186 187 189 183
 188 188 189 189 189 188 190 190 189 190 188 190 190 188 188 187
 150 144 154 150 151 178 189 188 189 188 188 188 188 189 188 190
  20  24  24  22  22 148 189 189 190 189 188 186 187 189 188 185
  18  19  18  20  22 152 189 190 190 186 187 188 188 190 190 190
  17  20  18  17  20 145 186 188 189 190 187 188 188 187 188 190
  19  20  21  20  23 148 187 189 189 188 188 188 189 189 188 184
  17  19  20  20  23 150 187 187 186 188 188 188 188 188 188 187

