   2   1   0   0   0   0   0   6  43  49  52  53  45  48  45  11
   1   1   0   0   0   0   0  25 164 185 188 186 186 189 171  47
   1   0   0   0   0   0   0  39 183 208 207 206 208 208 189  54
   1   0   0   0   0   0   1  39 181 207 207 206 207 209 188  44
   2   0   0   1   1   0   1  21 124 145 143 139 141 147 128  26
   3   1   0   0   1   0   1   1   3   8  11  11  10   8   7   3
   4   2   1   1   1   0   1   2   4   5   6   7   4   4   3   2
   4   3   1   1   1   0   1  16 103 121 113  81   8   3   2   1
   5   4   1   1   1   0   2  31 188 210 208 155  14   3   2   1
   5   5   3   3   2   0   1  30 190 212 212 161  18   6   4   4
   6  47  69  68  66  12   2  36 190 212 213 174  80  71  63  11
   5 135 200 199 188  51   2  40 190 212 213 210 199 199 179  40
   5 141 211 212 195  54   3  39 190 212 212 213 212 213 191  45
   8 139 209 211 192  55   3  38 186 211 211 211 213 211 188  45
   6  90 131 134 121  30   2  20 115 135 134 133 131 129 112  24
   6   7   6   8   6   2   2   2   4   4   4   5   4   5   2   3
   7   7   6   5   5   5   6  11  46  50  53  56  48  50  46  13
   6   5   6   5   4   6   6  31 166 187 187 187 187 187 170  51
   7   4   5   4   4   5   5  47 183 208 208 207 207 208 189  59
   7   5   5   5   4   5   5  45 181 207 207 208 207 208 187  50
   8   4   5   5   4   5   5  28 129 153 155 152 152 155 136  32
   7   5   4   4   4   4   5   6   8  14  19  19  18  17  15   8
   8   7   5   5   5   5   4   5   8   9   9  10   8   8   8   7
   8   7   6   5   5   4   4  20 104 119 113  81  12   8   7   6
   8   8   7   5   4   4   5  39 186 208 207 156  19   7   7   6
   9   9   7   6   5   5   5  40 189 211 212 161  24   7   7   7
   9  50  70  68  64  16   7  44 191 212 212 174  82  70  63  12
  11 139 198 196 184  57   7  47 191 212 212 207 196 195 174  41
  12 146 212 213 193  61   8  47 190 212 212 212 212 211 187  45
  14 145 208 211 191  61   8  46 187 211 211 211 211 210 185  48
  11  98 138 143 128  36   8  28 121 142 142 140 139 138 120  30
  10  12  14  15  13   8   7   8  10  11  11  11  11  10   9   9
   3   2   1   1   1   0   1   7  37  41  43  45  39  41  39  12
   2   1   1   0   0   1   1  29 157 178 180 179 176 178 161  50
   2   1   0   0   0   0   1  44 180 203 204 203 203 203 185  58
   3   1   0   0   0   1   1  41 178 204 203 202 204 205 185  49
   3   1   1   1   1   1   2  24 129 153 154 153 153 156 135  31
   4   2   0   0   1   0   2   2   7  13  17  18  19  18  13   7
   5   3   1   1   1   1   1   2   3   4   4   6   5   6   4   4
   5   4   2   2   1   0   2  16  94 108 102  74  10   4   3   2
   6   4   2   2   1   0   2  36 180 202 200 150  19   5   3   3
   5   5   4   3   2   1   2  36 183 208 207 156  24   7   5   7
   7  45  58  55  54  12   3  40 185 207 205 165  71  60  51  11
  10 134 188 187 174  54   3  43 185 207 207 200 186 185 165  39
  11 144 203 206 187  59   3  42 184 209 207 209 207 205 182  45
  13 144 205 207 187  58   4  41 182 206 208 208 207 205 180  47
  10  98 139 143 128  34   3  23 120 141 141 141 139 139 121  30
   6  11  11  12   9   4   3   3   6   8   9   9   8   9   6   4

  11  47  54  44  26   3   2   1   1   4  11  40  45  45  24   3
  45 171 189 188 128   7   3   2   2   4  63 179 191 188 112   2
  48 189 208 209 147   8   4   3   3   6  71 199 213 211 129   5
  45 186 208 207 141  10   4   8  14  18  80 199 212 213 131   4
  53 186 206 206 139  11   7  81 155 161 174 210 213 211 133   5
  52 188 207 207 143  11   6 113 208 212 213 213 212 211 134   4
  49 185 208 207 145   8   5 121 210 212 212 212 212 211 135   4
  43 164 183 181 124   3   4 103 188 190 190 190 190 186 115   4
   6  25  39  39  21   1   2  16  31  30  36  40  39  38  20   2
   0   0   0   1   1   1   1   1   2   1   2   2   3   3   2   2
   0   0   0   0   0   0   0   0   0   0  12  51  54  55  30   2
   0   0   0   0   1   1   1   1   1   2  66 188 195 192 121   6
   0   0   0   0   1   0   1   1   1   3  68 199 212 211 134   8
   0   0   0   0   0   0   1   1   1   3  69 200 211 209 131   6
   1   1   0   0   0   1   2   3   4   5  47 135 141 139  90   7
   2   1   1   1   2   3   4   4   5   5   6   5   5   8   6   6
  13  51  59  50  32   8   7   6   6   7  12  41  45  48  30   9
  46 170 189 187 136  15   8   7   7   7  63 174 187 185 120   9
  50 187 208 208 155  17   8   8   7   7  70 195 211 210 138  10
  48 187 207 207 152  18   8  12  19  24  82 196 212 211 139  11
  56 187 207 208 152  19  10  81 156 161 174 207 212 211 140  11
  53 187 208 207 155  19   9 113 207 212 212 212 212 211 142  11
  50 187 208 207 153  14   9 119 208 211 212 212 212 211 142  11
  46 166 183 181 129   8   8 104 186 189 191 191 190 187 121  10
  11  31  47  45  28   6   5  20  39  40  44  47  47  46  28   8
   6   6   5   5   5   5   4   4   5   5   7   7   8   8   8   7
   5   6   5   5   5   4   5   4   4   5  16  57  61  61  36   8
   5   4   4   4   4   4   5   5   4   5  64 184 193 191 128  13
   5   5   4   5   5   4   5   5   5   6  68 196 213 211 143  15
   6   6   5   5   5   4   5   6   7   7  70 198 212 208 138  14
   7   5   4   5   4   5   7   7   8   9  50 139 146 145  98  12
   7   6   7   7   8   7   8   8   8   9   9  11  12  14  11  10
  12  50  58  49  31   7   4   2   3   7  11  39  45  47  30   4
  39 161 185 185 135  13   4   3   3   5  51 165 182 180 121   6
  41 178 203 205 156  18   6   4   5   7  60 185 205 205 139   9
  39 176 203 204 153  19   5  10  19  24  71 186 207 207 139   8
  45 179 203 202 153  18   6  74 150 156 165 200 209 208 141   9
  43 180 204 203 154  17   4 102 200 207 205 207 207 208 141   9
  41 178 203 204 153  13   4 108 202 208 207 207 209 206 141   8
  37 157 180 178 129   7   3  94 180 183 185 185 184 182 120   6
   7  29  44  41  24   2   2  16  36  36  40  43  42  41  23   3
   1   1   1   1   2   2   1   2   2   2   3   3   3   4   3   3
   0   1   0   1   1   0   1   0   0   1  12  54  59  58  34   4
   1   0   0   0   1   1   1   1   1   2  54 174 187 187 128   9
   1   0   0   0   1   0   1   2   2   3  55 187 206 207 143  12
   1   1   0   0   1   0   1   2   2   4  58 188 203 205 139  11
   2   1   1   1   1   2   3   4   4   5  45 134 144 144  98  11
   3   2   2   3   3   4   5   5   6   5   7  10  11  13  10   6

   3   2   5   4   5   4   4   4   2   2   2   6   8   6   7   6
  24 112 129 131 133 134 135 115  20   2  30 121 134 131  90   6
  45 188 211 213 211 211 211 186  38   3  55 192 211 209 139   8
  45 191 213 212 213 212 212 190  39   3  54 195 212 211 141   5
  40 179 199 199 210 213 212 190  40   2  51 188 199 200 135   5
  11  63  71  80 174 213 212 190  36   2  12  66  68  69  47   6
   4   4   6  18 161 212 212 190  30   1   0   2   3   3   5   5
   1   2   3  14 155 208 210 188  31   2   0   1   1   1   4   5
   1   2   3   8  81 113 121 103  16   1   0   1   1   1   3   4
   2   3   4   4   7   6   5   4   2   1   0   1   1   1   2   4
   3   7   8  10  11  11   8   3   1   1   0   1   0   0   1   3
  26 128 147 141 139 143 145 124  21   1   0   1   1   0   0   2
  44 188 209 207 206 207 207 181  39   1   0   0   0   0   0   1
  54 189 208 208 206 207 208 183  39   0   0   0   0   0   0   1
  47 171 189 186 186 188 185 164  25   0   0   0   0   0   1   1
  11  45  48  45  53  52  49  43   6   0   0   0   0   0   1   2
   9   9  10  11  11  11  11  10   8   7   8  13  15  14  12  10
  30 120 138 139 140 142 142 121  28   8  36 128 143 138  98  11
  48 185 210 211 211 211 211 187  46   8  61 191 211 208 145  14
  45 187 211 212 212 212 212 190  47   8  61 193 213 212 146  12
  41 174 195 196 207 212 212 191  47   7  57 184 196 198 139  11
  12  63  70  82 174 212 212 191  44   7  16  64  68  70  50   9
   7   7   7  24 161 212 211 189  40   5   5   5   6   7   9   9
   6   7   7  19 156 207 208 186  39   5   4   4   5   7   8   8
   6   7   8  12  81 113 119 104  20   4   4   5   5   6   7   8
   7   8   8   8  10   9   9   8   5   4   5   5   5   5   7   8
   8  15  17  18  19  19  14   8   6   5   4   4   4   4   5   7
  32 136 155 152 152 155 153 129  28   5   5   4   5   5   4   8
  50 187 208 207 208 207 207 181  45   5   5   4   5   5   5   7
  59 189 208 207 207 208 208 183  47   5   5   4   4   5   4   7
  51 170 187 187 187 187 187 166  31   6   6   4   5   6   5   6
  13  46  50  48  56  53  50  46  11   6   5   5   5   6   7   7
   4   6   9   8   9   9   8   6   3   3   4   9  12  11  11   6
  30 121 139 139 141 141 141 120  23   3  34 128 143 139  98  10
  47 180 205 207 208 208 206 182  41   4  58 187 207 205 144  13
  45 182 205 207 209 207 209 184  42   3  59 187 206 203 144  11
  39 165 185 186 200 207 207 185  43   3  54 174 187 188 134  10
  11  51  60  71 165 205 207 185  40   3  12  54  55  58  45   7
   7   5   7  24 156 207 208 183  36   2   1   2   3   4   5   5
   3   3   5  19 150 200 202 180  36   2   0   1   2   2   4   6
   2   3   4  10  74 102 108  94  16   2   0   1   2   2   4   5
   4   4   6   5   6   4   4   3   2   1   1   1   1   1   3   5
   7  13  18  19  18  17  13   7   2   2   0   1   0   0   2   4
  31 135 156 153 153 154 153 129  24   2   1   1   1   1   1   3
  49 185 205 204 202 203 204 178  41   1   1   0   0   0   1   3
  58 185 203 203 203 204 203 180  44   1   0   0   0   0   1   2
  50 161 178 176 179 180 178 157  29   1   1   0   0   1   1   2
  12  39  41  39  45  43  41  37   7   1   0   1   1   1   2   3

   6   6   8   5   5   6   5   5   4   4   3   2   1   1   1   2
   7  90 139 141 135  47   5   4   3   2   1   0   0   0   1   1
   6 131 209 211 200  69   3   1   1   1   0   0   0   0   0   0
   8 134 211 212 199  68   3   1   1   1   0   1   0   0   0   0
   6 121 192 195 188  66   2   1   1   1   1   1   0   0   0   0
   2  30  55  54  51  12   0   0   0   0   0   0   0   0   0   0
   2   2   3   3   2   2   1   2   1   1   1   1   1   0   0   0
   2  20  38  39  40  36  30  31  16   2   1  21  39  39  25   6
   4 115 186 190 190 190 190 188 103   4   3 124 181 183 164  43
   4 135 211 212 212 212 212 210 121   5   8 145 207 208 185  49
   4 134 211 212 213 213 212 208 113   6  11 143 207 207 188  52
   5 133 211 213 210 174 161 155  81   7  11 139 206 206 186  53
   4 131 213 212 199  80  18  14   8   4  10 141 207 208 186  45
   5 129 211 213 199  71   6   3   3   4   8 147 209 208 189  48
   2 112 188 191 179  63   4   2   2   3   7 128 188 189 171  45
   3  24  45  45  40  11   4   1   1   2   3  26  44  54  47  11
  10  11  14  12  11   9   9   8   8   8   7   8   7   7   6   7
  12  98 145 146 139  50   9   8   7   7   5   4   5   4   5   7
  14 138 208 212 198  70   7   7   6   5   4   5   5   5   6   6
  15 143 211 213 196  68   6   5   5   5   4   5   5   4   5   5
  13 128 191 193 184  64   5   4   5   5   4   4   4   4   4   5
   8  36  61  61  57  16   5   4   4   5   4   5   5   5   6   5
   7   8   8   8   7   7   5   5   4   4   5   5   5   5   6   6
   8  28  46  47  47  44  40  39  20   5   6  28  45  47  31  11
  10 121 187 190 191 191 189 186 104   8   8 129 181 183 166  46
  11 142 211 212 212 212 211 208 119   9  14 153 207 208 187  50
  11 142 211 212 212 212 212 207 113   9  19 155 207 208 187  53
  11 140 211 212 207 174 161 156  81  10  19 152 208 207 187  56
  11 139 211 212 196  82  24  19  12   8  18 152 207 207 187  48
  10 138 210 211 195  70   7   7   8   8  17 155 208 208 187  50
   9 120 185 187 174  63   7   7   7   8  15 136 187 189 170  46
   9  30  48  45  41  12   7   6   6   7   8  32  50  59  51  13
   6  10  13  11  10   7   5   6   5   5   4   3   3   2   2   3
  11  98 144 144 134  45   5   4   4   3   2   1   1   1   1   2
  11 139 205 203 188  58   4   2   2   1   0   1   0   0   1   1
  12 143 207 206 187  55   3   2   2   1   0   1   0   0   0   1
   9 128 187 187 174  54   2   1   1   1   1   1   0   0   0   1
   4  34  58  59  54  12   1   0   0   1   0   1   1   0   1   0
   3   3   4   3   3   3   2   2   2   1   2   2   1   1   1   1
   3  23  41  42  43  40  36  36  16   2   2  24  41  44  29   7
   6 120 182 184 185 185 183 180  94   3   7 129 178 180 157  37
   8 141 206 209 207 207 208 202 108   4  13 153 204 203 178  41
   9 141 208 207 207 205 207 200 102   4  17 154 203 204 180  43
   9 141 208 209 200 165 156 150  74   6  18 153 202 203 179  45
   8 139 207 207 186  71  24  19  10   5  19 153 204 203 176  39
   9 139 205 205 185  60   7   5   4   6  18 156 205 203 178  41
   6 121 180 182 165  51   5   3   3   4  13 135 185 185 161  39
   4  30  47  45  39  11   7   3   2   4   7  31  49  58  50  12

