  10  10   8  11  14 141 188 186 186 189 189 185 183 183 186 184
  11   9  12  10  13 136 186 187 186 187 187 186 183 184 185 185
  12   9  13  15  19 127 187 188 188 187 187 189 188 186 184 186
  10  13  14  14  14 118 187 188 188 187 184 188 187 186 187 188
  10  14  13  14  19 137 188 188 187 186 185 187 187 185 185 188
 124 132 145 155 153 175 187 189 187 188 174  84  74  66  60  77
 177 187 186 187 187 188 188 187 189 188 170  16  13  10  14  11
 188 188 189 189 189 188 188 186 188 186 176  16  14  10   7   7
 184 188 189 189 188 187 187 190 189 187 157  18  14  11   8  10
 184 189 188 188 188 188 187 188 189 189 153  15  14  12  11  13
 142 145 137 124 119 154 188 189 189 189 168  85  71  80  91 100
  12  15  15  15  18 108 187 187 187 188 187 187 187 187 186 187
  11  11  11  11  17 106 187 187 186 187 187 189 188 189 190 188
  15  13  11  11  14 107 187 189 188 189 189 189 188 188 189 188
  11  11  10  12  11 117 189 188 188 189 188 187 186 187 187 186
  10   9   8  11  13 132 194 194 192 188 181 177 190 189 189 190
   9   9   7  10   9 138 185 182 183 186 186 182 178 177 182 182
   9   7   9  10  10 130 183 184 183 183 183 184 182 182 181 181
  11   9  10  12  11 121 183 184 184 183 184 182 182 182 180 183
  10  11   9  12  11 113 183 184 185 184 182 184 182 181 182 185
   7   8   8   9  12 133 184 185 184 183 183 184 182 181 181 185
 123 131 145 151 150 173 184 186 184 183 167  78  66  54  51  68
 173 184 184 184 186 185 185 186 185 183 163  12  12   8  12   9
 187 184 185 186 185 185 185 185 185 184 168  14  13   8   6   5
 186 185 184 185 184 186 185 185 184 184 149  13  13   9   8   6
 182 183 184 185 185 185 184 186 184 186 146  10  12  11   9  11
 135 133 129 117 112 149 184 186 185 185 164  80  69  79  90  99
  11  10  13  13  11 101 184 184 183 184 185 183 183 182 181 181
   8   9  10  10  12 100 184 183 184 183 185 184 184 184 183 183
  10  12  10   8  12 103 183 185 184 183 184 185 183 183 184 183
  10  11   9   9   8 114 185 185 185 183 184 183 183 182 184 183
   7   8   7   8   9 127 187 188 184 182 176 173 187 183 183 184
  10  10   8  11  13 146 191 188 188 190 192 189 187 185 188 186
  11   8  11  10  12 135 187 187 190 190 190 189 186 186 186 185
  12  10  12  14  16 128 189 189 192 190 189 188 188 187 185 187
  10  13  13  14  14 122 188 188 190 188 187 189 186 187 186 187
  12  14  15  16  17 142 188 189 187 188 188 188 186 185 185 187
 131 136 152 159 156 180 188 189 189 190 173  81  69  60  56  72
 178 189 189 189 190 190 188 187 190 189 169  15  13  10  13  10
 190 188 188 190 190 190 189 187 189 188 174  15  15  10   6   6
 189 188 188 189 190 188 188 190 188 187 156  16  14  11   8   9
 187 187 187 187 189 189 188 189 189 188 150  15  14  12  12  13
 141 139 133 121 117 154 187 189 189 188 169  86  77  87  98 105
  12  14  14  14  16 109 187 188 186 188 188 186 185 185 184 184
  10  11  11  11  17 107 187 186 187 185 186 189 185 187 187 186
  12  13  11   9  14 108 185 188 188 187 186 187 184 185 186 187
  10  11  10  11  10 119 187 187 187 187 186 185 184 184 185 185
   7   8   7   8  11 131 188 191 189 185 180 176 188 187 185 186

 184 185 186 188 188  77  11   7  10  13 100 187 188 188 186 190
 186 185 184 187 185  60  14   7   8  11  91 186 190 189 187 189
 183 184 186 186 185  66  10  10  11  12  80 187 189 188 187 189
 183 183 188 187 187  74  13  14  14  14  71 187 188 188 186 190
 185 186 189 188 187  84  16  16  18  15  85 187 189 189 187 177
 189 187 187 184 185 174 170 176 157 153 168 187 187 189 188 181
 189 187 187 187 186 188 188 186 187 189 189 188 187 189 189 188
 186 186 188 188 187 187 189 188 189 189 189 187 186 188 188 192
 186 187 188 188 188 189 187 186 190 188 189 187 187 189 188 194
 188 186 187 187 188 187 188 188 187 187 188 187 187 187 189 194
 141 136 127 118 137 175 188 188 187 188 154 108 106 107 117 132
  14  13  19  14  19 153 187 189 188 188 119  18  17  14  11  13
  11  10  15  14  14 155 187 189 189 188 124  15  11  11  12  11
   8  12  13  14  13 145 186 189 189 188 137  15  11  11  10   8
  10   9   9  13  14 132 187 188 188 189 145  15  11  13  11   9
  10  11  12  10  10 124 177 188 184 184 142  12  11  15  11  10
 182 181 183 185 185  68   9   5   6  11  99 181 183 183 183 184
 182 181 180 182 181  51  12   6   8   9  90 181 183 184 184 183
 177 182 182 181 181  54   8   8   9  11  79 182 184 183 182 183
 178 182 182 182 182  66  12  13  13  12  69 183 184 183 183 187
 182 184 182 184 184  78  12  14  13  10  80 183 184 185 183 173
 186 183 184 182 183 167 163 168 149 146 164 185 185 184 184 176
 186 183 183 184 183 183 183 184 184 186 185 184 183 183 183 182
 183 183 184 185 184 184 185 185 184 184 185 183 184 184 185 184
 182 184 184 184 185 186 186 185 185 186 186 184 183 185 185 188
 185 183 183 183 184 184 185 185 185 184 184 184 184 183 185 187
 138 130 121 113 133 173 185 185 186 185 149 101 100 103 114 127
   9  10  11  11  12 150 186 185 184 185 112  11  12  12   8   9
  10  10  12  12   9 151 184 186 185 185 117  13  10   8   9   8
   7   9  10   9   8 145 184 185 184 184 129  13  10  10   9   7
   9   7   9  11   8 131 184 184 185 183 133  10   9  12  11   8
   9   9  11  10   7 123 173 187 186 182 135  11   8  10  10   7
 186 185 187 187 187  72  10   6   9  13 105 184 186 187 185 186
 188 186 185 186 185  56  13   6   8  12  98 184 187 186 185 185
 185 186 187 187 185  60  10  10  11  12  87 185 187 185 184 187
 187 186 188 186 186  69  13  15  14  14  77 185 185 184 184 188
 189 189 188 189 188  81  15  15  16  15  86 186 189 187 185 176
 192 190 189 187 188 173 169 174 156 150 169 188 186 186 186 180
 190 190 190 188 188 190 189 188 187 188 188 188 185 187 187 185
 188 190 192 190 187 189 190 189 188 189 189 186 187 188 187 189
 188 187 189 188 189 189 187 187 190 189 189 188 186 188 187 191
 191 187 189 188 188 188 188 189 188 188 187 187 187 185 187 188
 146 135 128 122 142 180 190 190 188 189 154 109 107 108 119 131
  13  12  16  14  17 156 190 190 190 189 117  16  17  14  10  11
  11  10  14  14  16 159 189 190 189 187 121  14  11   9  11   8
   8  11  12  13  15 152 189 188 188 187 133  14  11  11  10   7
  10   8  10  13  14 136 189 188 188 187 139  14  11  13  11   8
  10  11  12  10  12 131 178 190 189 187 141  12  10  12  10   7

 190 189 189 190 177 181 188 192 194 194 132  13  11   8   9  10
 186 187 187 186 187 188 189 188 188 189 117  11  12  10  11  11
 188 189 188 188 189 189 189 188 189 187 107  14  11  11  13  15
 188 190 189 188 189 187 187 186 187 187 106  17  11  11  11  11
 187 186 187 187 187 187 188 187 187 187 108  18  15  15  15  12
 100  91  80  71  85 168 189 189 189 188 154 119 124 137 145 142
  13  11  12  14  15 153 189 189 188 187 188 188 188 188 189 184
  10   8  11  14  18 157 187 189 190 187 187 188 189 189 188 184
   7   7  10  14  16 176 186 188 186 188 188 189 189 189 188 188
  11  14  10  13  16 170 188 189 187 188 188 187 187 186 187 177
  77  60  66  74  84 174 188 187 189 187 175 153 155 145 132 124
 188 185 185 187 187 185 186 187 188 188 137  19  14  13  14  10
 188 187 186 187 188 184 187 188 188 187 118  14  14  14  13  10
 186 184 186 188 189 187 187 188 188 187 127  19  15  13   9  12
 185 185 184 183 186 187 187 186 187 186 136  13  10  12   9  11
 184 186 183 183 185 189 189 186 186 188 141  14  11   8  10  10
 184 183 183 187 173 176 182 184 188 187 127   9   8   7   8   7
 183 184 182 183 183 184 183 185 185 185 114   8   9   9  11  10
 183 184 183 183 185 184 183 184 185 183 103  12   8  10  12  10
 183 183 184 184 184 185 183 184 183 184 100  12  10  10   9   8
 181 181 182 183 183 185 184 183 184 184 101  11  13  13  10  11
  99  90  79  69  80 164 185 185 186 184 149 112 117 129 133 135
  11   9  11  12  10 146 186 184 186 184 185 185 185 184 183 182
   6   8   9  13  13 149 184 184 185 185 186 184 185 184 185 186
   5   6   8  13  14 168 184 185 185 185 185 185 186 185 184 187
   9  12   8  12  12 163 183 185 186 185 185 186 184 184 184 173
  68  51  54  66  78 167 183 184 186 184 173 150 151 145 131 123
 185 181 181 182 184 183 183 184 185 184 133  12   9   8   8   7
 185 182 181 182 184 182 184 185 184 183 113  11  12   9  11  10
 183 180 182 182 182 184 183 184 184 183 121  11  12  10   9  11
 181 181 182 182 184 183 183 183 184 183 130  10  10   9   7   9
 182 182 177 178 182 186 186 183 182 185 138   9  10   7   9   9
 186 185 187 188 176 180 185 189 191 188 131  11   8   7   8   7
 185 185 184 184 185 186 187 187 187 187 119  10  11  10  11  10
 187 186 185 184 187 186 187 188 188 185 108  14   9  11  13  12
 186 187 187 185 189 186 185 187 186 187 107  17  11  11  11  10
 184 184 185 185 186 188 188 186 188 187 109  16  14  14  14  12
 105  98  87  77  86 169 188 189 189 187 154 117 121 133 139 141
  13  12  12  14  15 150 188 189 189 188 189 189 187 187 187 187
   9   8  11  14  16 156 187 188 190 188 188 190 189 188 188 189
   6   6  10  15  15 174 188 189 187 189 190 190 190 188 188 190
  10  13  10  13  15 169 189 190 187 188 190 190 189 189 189 178
  72  56  60  69  81 173 190 189 189 188 180 156 159 152 136 131
 187 185 185 186 188 188 188 187 189 188 142  17  16  15  14  12
 187 186 187 186 189 187 188 190 188 188 122  14  14  13  13  10
 187 185 187 188 188 189 190 192 189 189 128  16  14  12  10  12
 185 186 186 186 189 190 190 190 187 187 135  12  10  11   8  11
 186 188 185 187 189 192 190 188 188 191 146  13  11   8  10  10

  10  11  15  11  12 142 184 184 188 177 124  10  10  12  11  10
   9  11  13  11  15 145 189 188 188 187 132  14  13   9   9  10
   8  10  11  11  15 137 188 189 189 186 145  13  14  13  12   8
  11  12  11  11  15 124 188 189 189 187 155  14  14  15  10  11
  13  11  14  17  18 119 188 188 189 187 153  19  14  19  13  14
 132 117 107 106 108 154 188 187 188 188 175 137 118 127 136 141
 194 189 187 187 187 188 187 187 188 188 187 188 187 187 186 188
 194 188 189 187 187 189 188 190 186 187 189 188 188 188 187 186
 192 188 188 186 187 189 189 189 188 189 187 187 188 188 186 186
 188 189 189 187 188 189 189 187 186 188 188 186 187 187 187 189
 181 188 189 187 187 168 153 157 176 170 174 185 184 187 187 189
 177 187 189 189 187  85  15  18  16  16  84 187 188 189 186 185
 190 186 188 188 187  71  14  14  14  13  74 187 187 188 183 183
 189 187 188 189 187  80  12  11  10  10  66 185 186 186 184 183
 189 187 189 190 186  91  11   8   7  14  60 185 187 184 185 186
 190 186 188 188 187 100  13  10   7  11  77 188 188 186 185 184
   7  10  10   8  11 135 182 186 187 173 123   7  10  11   9   9
   8  11  12   9  10 133 183 185 184 184 131   8  11   9   7   9
   7   9  10  10  13 129 184 184 185 184 145   8   9  10   9   7
   8   9   8  10  13 117 185 185 186 184 151   9  12  12  10  10
   9   8  12  12  11 112 185 184 185 186 150  12  11  11  10   9
 127 114 103 100 101 149 185 186 185 185 173 133 113 121 130 138
 187 185 183 184 184 184 184 185 185 185 184 184 183 183 183 185
 188 185 185 183 184 186 186 185 185 186 186 185 184 184 184 182
 184 185 184 184 183 185 184 184 185 185 184 184 185 184 183 183
 182 183 183 183 184 185 186 184 184 183 183 183 184 183 183 186
 176 184 184 185 185 164 146 149 168 163 167 183 182 184 183 186
 173 183 185 184 183  80  10  13  14  12  78 184 184 182 184 182
 187 183 183 184 183  69  12  13  13  12  66 182 182 182 182 178
 183 182 183 184 182  79  11   9   8   8  54 181 181 182 182 177
 183 184 184 183 181  90   9   8   6  12  51 181 182 180 181 182
 184 183 183 183 181  99  11   6   5   9  68 185 185 183 181 182
   7  10  12  10  12 141 187 189 190 178 131  12  10  12  11  10
   8  11  13  11  14 139 187 188 188 189 136  14  13  10   8  10
   7  10  11  11  14 133 187 188 188 189 152  15  13  12  11   8
   8  11   9  11  14 121 187 189 190 189 159  16  14  14  10  11
  11  10  14  17  16 117 189 190 190 190 156  17  14  16  12  13
 131 119 108 107 109 154 189 188 190 190 180 142 122 128 135 146
 188 187 185 187 187 187 188 188 189 188 188 188 188 189 187 191
 191 187 188 186 188 189 189 190 187 187 189 189 188 189 187 188
 189 187 188 187 186 189 189 188 189 190 189 187 190 192 190 188
 185 187 187 185 188 188 188 187 188 189 190 188 188 190 190 190
 180 186 186 186 188 169 150 156 174 169 173 188 187 189 190 192
 176 185 187 189 186  86  15  16  15  15  81 188 189 188 189 189
 188 184 184 185 185  77  14  14  15  13  69 186 186 188 186 187
 187 184 185 187 185  87  12  11  10  10  60 185 187 187 186 185
 185 185 186 187 184  98  12   8   6  13  56 185 186 185 186 188
 186 185 187 186 184 105  13   9   6  10  72 187 187 187 185 186

