   5  11  12  10   7   6   6   5   5   3   5   5   5   6   5   7
   7 108 180 177 174  54   5   5   4   4   5   5   4   5   4   5
  10 151 246 245 234  81   4   3   4   4   3   3   3   4   3   4
  10 158 245 244 234  80   5   3   4   3   3   3   3   4   3   4
   9 143 226 230 214  68   4   2   2   2   3   3   2   3   3   4
   7  36  65  68  64  16   5   5   5   5   5   5   5   6   5   7
   5   8   6   8   6   6   5   5   4   3   4   4   5   4   4   4
   5  32  50  57  61  57  57  55  26   5   5  36  54  52  46  12
   7 141 223 223 229 226 225 223 121   5  15 156 222 223 207  60
   8 158 241 242 244 243 243 240 145   6  12 176 242 242 225  62
   9 146 242 242 243 246 243 241 143   6  12 180 243 244 224  60
   7 112 187 176 182 186 182 186  97   5  10 122 181 187 163  37
   4   7  10  12  12  17   9   7   7   4   5   8   8   8   9   5
   4   6   6   6   5   5   5   5   5   4   3   3   3   3   4   4
   5   5   5   4   4   5   5   4   4   3   3   2   3   5   4   4
   5   5   6   6   4   5   5   5   5   4   4   3   2   4   2   4
  10  16  20  18  14   9   9   9   9   9   9   9   9   9   9  11
  15 120 184 181 175  56   9   9   9   9   9   9   8   9   9  10
  17 166 241 242 229  84   9   9   9   9   8   8   9   9   9   9
  16 172 243 243 231  82   9   8   8   8   8   8   8   8   8   9
  15 155 225 228 210  67   9   8   8   8   8   8   8   9   9   9
  11  43  71  76  69  19  10   9   9   9   9   9   9  10   9  10
  10  10  11  12  11  10   9   9   9   9   9   9   9   9   9   9
  10  41  59  66  73  69  66  64  32   9  10  45  66  64  55  18
  14 152 221 222 227 225 223 222 122  10  21 165 222 223 204  62
  17 173 240 242 243 244 244 238 145  10  17 186 242 242 221  63
  16 157 241 242 243 243 243 240 144  10  18 189 242 242 221  63
  13 119 187 176 183 185 185 186  97   9  15 131 181 187 162  40
   9  13  17  18  18  22  15  14  11   9   9  14  13  14  14   9
  10  10  10   9  10  10  10   8   9   8   8   8   8   9   9   9
  10  10  10  10   9   9   9   9   9   8   8   8   8   9   8   9
   9   9  10   9  10  10   9   9   9   8   8   8   8   9   8   9
   8  14  17  15  11   6   5   5   5   5   6   5   5   6   5   8
  13 119 181 178 169  47   5   5   4   4   5   5   5   5   4   5
  15 167 239 238 221  67   4   4   4   4   4   4   3   4   4   4
  16 172 240 240 222  66   5   4   4   4   4   3   4   5   4   5
  13 157 224 224 200  53   4   3   3   3   4   4   3   3   4   4
   8  43  69  74  66  13   6   5   6   6   6   7   6   6   7   8
   6   6   7   8   8   6   5   5   4   4   4   4   4   4   4   4
   5  38  57  64  70  65  62  58  25   5   7  43  63  60  52  15
  11 154 219 217 223 222 221 215 111   3  19 165 220 221 194  52
  13 173 238 239 239 237 239 231 130   4  17 186 237 238 211  54
  14 158 239 238 238 238 238 233 126   4  18 190 238 238 210  49
  10 120 185 174 180 182 180 179  86   4  13 131 180 183 153  30
   4   9  15  16  16  21  14  12   6   4   4  11  11  12  13   5
   5   6   7   6   6   6   6   5   5   4   4   4   3   4   4   4
   7   5   6   5   4   5   5   4   4   3   4   3   4   5   5   5
   5   5   7   6   6   6   5   5   5   5   5   3   3   4   3   4

   7   5   4   4   4   7   4  12  60  62  60  37   5   4   4   4
   5   4   3   3   3   5   4  46 207 225 224 163   9   4   4   2
   6   5   4   4   3   6   4  52 223 242 244 187   8   3   5   4
   5   4   3   3   2   5   5  54 222 242 243 181   8   3   3   2
   5   5   3   3   3   5   4  36 156 176 180 122   8   3   2   3
   5   5   3   3   3   5   4   5  15  12  12  10   5   3   3   4
   3   4   4   3   2   5   3   5   5   6   6   5   4   4   3   4
   5   4   4   4   2   5   4  26 121 145 143  97   7   5   4   5
   5   5   3   3   2   5   5  55 223 240 241 186   7   5   4   5
   6   5   4   5   4   5   5  57 225 243 243 182   9   5   5   5
   6  54  81  80  68  16   6  57 226 243 246 186  17   5   5   5
   7 174 234 234 214  64   6  61 229 244 243 182  12   5   4   4
  10 177 245 244 230  68   8  57 223 242 242 176  12   6   4   6
  12 180 246 245 226  65   6  50 223 241 242 187  10   6   5   6
  11 108 151 158 143  36   8  32 141 158 146 112   7   6   5   5
   5   7  10  10   9   7   5   5   7   8   9   7   4   4   5   5
  11  10   9   9   9  10   9  18  62  63  63  40   9   9   9   9
   9   9   9   8   9   9   9  55 204 221 221 162  14   9   8   8
   9   9   9   8   9  10   9  64 223 242 242 187  14   9   9   9
   9   8   9   8   8   9   9  66 222 242 242 181  13   8   8   8
   9   9   8   8   8   9   9  45 165 186 189 131  14   8   8   8
   9   9   8   8   8   9   9  10  21  17  18  15   9   8   8   8
   9   9   9   8   8   9   9   9  10  10  10   9   9   8   8   8
   9   9   9   8   8   9   9  32 122 145 144  97  11   9   9   9
   9   9   9   8   8   9   9  64 222 238 240 186  14   8   9   9
   9   9   9   9   9  10   9  66 223 244 243 185  15  10   9   9
   9  56  84  82  67  19  10  69 225 244 243 185  22  10   9  10
  14 175 229 231 210  69  11  73 227 243 243 183  18  10   9  10
  18 181 242 243 228  76  12  66 222 242 242 176  18   9  10   9
  20 184 241 243 225  71  11  59 221 240 241 187  17  10  10  10
  16 120 166 172 155  43  10  41 152 173 157 119  13  10  10   9
  10  15  17  16  15  11  10  10  14  17  16  13   9  10  10   9
   8   5   4   5   4   8   4  15  52  54  49  30   5   4   5   4
   5   4   4   4   4   7   4  52 194 211 210 153  13   4   5   3
   6   5   4   5   3   6   4  60 221 238 238 183  12   4   5   4
   5   5   3   4   3   6   4  63 220 237 238 180  11   3   4   3
   5   5   4   3   4   7   4  43 165 186 190 131  11   4   3   3
   6   5   4   4   4   6   4   7  19  17  18  13   4   4   4   5
   5   4   4   4   3   6   4   5   3   4   4   4   4   4   3   5
   5   4   4   4   3   6   4  25 111 130 126  86   6   5   4   5
   5   5   4   4   3   5   5  58 215 231 233 179  12   5   4   5
   5   5   4   5   4   6   5  62 221 239 238 180  14   6   5   5
   6  47  67  66  53  13   6  65 222 237 238 182  21   6   5   6
  11 169 221 222 200  66   8  70 223 239 238 180  16   6   4   6
  15 178 238 240 224  74   8  64 217 239 238 174  16   6   5   6
  17 181 239 240 224  69   7  57 219 238 239 185  15   7   6   7
  14 119 167 172 157  43   6  38 154 173 158 120   9   6   5   5
   8  13  15  16  13   8   6   5  11  13  14  10   4   5   7   5

   4   2   4   2   3   4   4   5   5   5   5   4   6   6   5   5
   4   4   5   3   2   3   3   4   4   5   5   4   4   5   5   5
   4   4   3   3   3   3   4   5   5   5   5   5   6   6   6   4
   5   9   8   8   8   5   4   7   7   9  17  12  12  10   7   4
  37 163 187 181 122  10   5  97 186 182 186 182 176 187 112   7
  60 224 244 243 180  12   6 143 241 243 246 243 242 242 146   9
  62 225 242 242 176  12   6 145 240 243 243 244 242 241 158   8
  60 207 223 222 156  15   5 121 223 225 226 229 223 223 141   7
  12  46  52  54  36   5   5  26  55  57  57  61  57  50  32   5
   4   4   4   5   4   4   3   4   5   5   6   6   8   6   8   5
   7   5   6   5   5   5   5   5   5   5  16  64  68  65  36   7
   4   3   3   2   3   3   2   2   2   4  68 214 230 226 143   9
   4   3   4   3   3   3   3   4   3   5  80 234 244 245 158  10
   4   3   4   3   3   3   4   4   3   4  81 234 245 246 151  10
   5   4   5   4   5   5   4   4   5   5  54 174 177 180 108   7
   7   5   6   5   5   5   3   5   5   6   6   7  10  12  11   5
   9   8   9   8   8   8   8   9   9   9  10  10   9  10   9   9
   9   8   9   8   8   8   8   9   9   9   9   9  10  10  10  10
   9   9   9   8   8   8   8   9   8  10  10  10   9  10  10  10
   9  14  14  13  14   9   9  11  14  15  22  18  18  17  13   9
  40 162 187 181 131  15   9  97 186 185 185 183 176 187 119  13
  63 221 242 242 189  18  10 144 240 243 243 243 242 241 157  16
  63 221 242 242 186  17  10 145 238 244 244 243 242 240 173  17
  62 204 223 222 165  21  10 122 222 223 225 227 222 221 152  14
  18  55  64  66  45  10   9  32  64  66  69  73  66  59  41  10
   9   9   9   9   9   9   9   9   9   9  10  11  12  11  10  10
  10   9  10   9   9   9   9   9   9  10  19  69  76  71  43  11
   9   9   9   8   8   8   8   8   8   9  67 210 228 225 155  15
   9   8   8   8   8   8   8   8   8   9  82 231 243 243 172  16
   9   9   9   9   8   8   9   9   9   9  84 229 242 241 166  17
  10   9   9   8   9   9   9   9   9   9  56 175 181 184 120  15
  11   9   9   9   9   9   9   9   9   9   9  14  18  20  16  10
   4   3   4   3   3   5   5   5   5   5   6   6   6   7   5   5
   5   5   5   4   3   4   3   4   4   5   5   4   5   6   5   7
   4   4   4   3   4   4   4   5   5   6   6   6   6   7   6   5
   5  13  12  11  11   4   4   6  12  14  21  16  16  15   9   4
  30 153 183 180 131  13   4  86 179 180 182 180 174 185 120  10
  49 210 238 238 190  18   4 126 233 238 238 238 238 239 158  14
  54 211 238 237 186  17   4 130 231 239 237 239 239 238 173  13
  52 194 221 220 165  19   3 111 215 221 222 223 217 219 154  11
  15  52  60  63  43   7   5  25  58  62  65  70  64  57  38   5
   4   4   4   4   4   4   4   4   5   5   6   8   8   7   6   6
   8   7   6   6   7   6   6   6   5   6  13  66  74  69  43   8
   4   4   3   3   4   4   3   3   3   4  53 200 224 224 157  13
   5   4   5   4   3   4   4   4   4   5  66 222 240 240 172  16
   4   4   4   3   4   4   4   4   4   4  67 221 238 239 167  15
   5   4   5   5   5   5   4   4   5   5  47 169 178 181 119  13
   8   5   6   5   5   6   5   5   5   5   6  11  15  17  14   8

   5   5   4   4   7   9   8   7   5   5   7   9  10  10   7   5
   5   5   6   7 112 146 158 141  32   8  36 143 158 151 108  11
   6   5   6  10 187 242 241 223  50   6  65 226 245 246 180  12
   6   4   6  12 176 242 242 223  57   8  68 230 244 245 177  10
   4   4   5  12 182 243 244 229  61   6  64 214 234 234 174   7
   5   5   5  17 186 246 243 226  57   6  16  68  80  81  54   6
   5   5   5   9 182 243 243 225  57   5   5   4   5   4   5   6
   5   4   5   7 186 241 240 223  55   5   5   2   3   3   5   5
   5   4   5   7  97 143 145 121  26   4   5   2   4   4   4   5
   4   3   4   4   5   6   6   5   5   3   5   2   3   4   4   3
   4   3   3   5  10  12  12  15   5   4   5   3   3   3   5   5
   3   2   3   8 122 180 176 156  36   4   5   3   3   3   5   5
   2   3   3   8 181 243 242 222  54   5   5   2   3   3   4   5
   4   5   3   8 187 244 242 223  52   4   6   3   4   4   5   6
   2   4   4   9 163 224 225 207  46   4   5   3   3   3   4   5
   4   4   4   5  37  60  62  60  12   4   7   4   4   4   5   7
   9  10  10   9  13  16  17  14  10  10  11  15  16  17  15  10
   9  10  10  13 119 157 173 152  41  10  43 155 172 166 120  16
  10  10  10  17 187 241 240 221  59  11  71 225 243 241 184  20
   9  10   9  18 176 242 242 222  66  12  76 228 243 242 181  18
  10   9  10  18 183 243 243 227  73  11  69 210 231 229 175  14
  10   9  10  22 185 243 244 225  69  10  19  67  82  84  56   9
   9   9  10  15 185 243 244 223  66   9  10   9   9   9   9   9
   9   9   8  14 186 240 238 222  64   9   9   8   8   9   9   9
   9   9   9  11  97 144 145 122  32   9   9   8   8   9   9   9
   8   8   8   9   9  10  10  10   9   9   9   8   8   9   9   9
   8   8   8   9  15  18  17  21  10   9   9   8   8   8   9   9
   8   8   8  14 131 189 186 165  45   9   9   8   8   8   9   9
   8   8   8  13 181 242 242 222  66   9   9   8   8   9   8   9
   9   9   9  14 187 242 242 223  64   9  10   9   8   9   9   9
   8   8   9  14 162 221 221 204  55   9   9   9   8   9   9   9
   9   9   9   9  40  63  63  62  18   9  10   9   9   9  10  11
   5   7   5   4  10  14  13  11   5   6   8  13  16  15  13   8
   5   5   6   9 120 158 173 154  38   6  43 157 172 167 119  14
   7   6   7  15 185 239 238 219  57   7  69 224 240 239 181  17
   6   5   6  16 174 238 239 217  64   8  74 224 240 238 178  15
   6   4   6  16 180 238 239 223  70   8  66 200 222 221 169  11
   6   5   6  21 182 238 237 222  65   6  13  53  66  67  47   6
   5   5   6  14 180 238 239 221  62   5   6   4   5   4   5   5
   5   4   5  12 179 233 231 215  58   5   5   3   4   4   5   5
   5   4   5   6  86 126 130 111  25   4   6   3   4   4   4   5
   5   3   4   4   4   4   4   3   5   4   6   3   4   4   4   5
   5   4   4   4  13  18  17  19   7   4   6   4   4   4   5   6
   3   3   4  11 131 190 186 165  43   4   7   4   3   4   5   5
   3   4   3  11 180 238 237 220  63   4   6   3   4   3   5   5
   4   5   4  12 183 238 238 221  60   4   6   3   5   4   5   6
   3   5   4  13 153 210 211 194  52   4   7   4   4   4   4   5
   4   5   4   5  30  49  54  52  15   4   8   4   5   4   5   8

