   0   0   0   0  17 134 133 133 134 134 132 137 135 139 135 104
   0   0   0   0  12 147 144 144 146 145 147 145 144 146 144 108
   0   0   0   1   9 148 145 144 145 145 145 147 148 145 146 114
   0   0   0   1   3 150 145 146 146 146 147 146 147 146 146 126
   0   0   0   1  13 150 148 146 147 147 146 147 146 147 145 110
  75  76  80  81  85 147 146 147 149 147 146 147 146 145 146 113
 147 146 146 146 145 148 147 147 146 147 145 143 145 146 144 119
 146 147 149 147 147 147 147 148 146 147 146 144 145 143 143 132
 146 149 148 147 148 148 146 146 146 146 145 145 145 144 145 110
 147 148 145 147 146 147 145 144 146 145 144 144 145 145 145 117
 111 112 110 129 127 121 123 121 119 115 131 146 145 145 145 128
   0   2   1   2   1   1   2   2   4   2  83 145 145 147 146 139
   0   0   0   1   0   2   0   0   2   2 103 145 144 146 145 123
   0   0   0   0   0   0   0   1   1   1  93 144 144 147 146 121
   0   0   0   0   0   0   0   0   0   0  84 144 145 146 144 130
   0   0   0   0   0   0   0   0   0   1  78 144 146 145 145 139
   0   0   0   0  15 135 135 135 133 135 134 136 136 136 138 106
   0   0   0   0  12 148 145 145 147 147 147 146 145 146 146 112
   0   0   0   1   7 149 145 145 146 146 145 147 147 145 147 116
   0   0   0   0   1 148 146 146 146 145 147 147 147 147 147 127
   0   0   0   1  11 148 146 146 147 146 146 146 147 146 145 111
  74  74  76  78  82 145 146 146 147 147 147 147 144 145 145 113
 144 146 145 145 146 146 147 145 147 147 146 145 144 147 145 120
 145 146 146 146 147 147 148 146 146 146 146 145 145 144 145 133
 145 147 147 146 147 148 147 146 145 147 145 143 145 143 145 111
 145 146 145 146 146 147 144 146 146 146 144 144 144 144 144 117
 110 111 110 128 127 121 120 117 115 112 129 145 145 145 144 129
   0   1   1   1   0   0   0   1   2   0  76 144 145 146 145 138
   0   0   0   1   0   0   0   0   2   1 102 145 146 146 145 121
   0   0   0   0   0   0   0   1   1   0  92 145 143 144 145 120
   0   0   0   0   0   0   0   0   0   0  84 143 143 144 143 131
   0   0   0   0   0   0   0   0   0   1  74 143 145 144 144 137
   1   0   0   0  17 141 142 143 141 144 141 143 144 146 143 111
   0   0   0   0  13 153 152 153 154 154 155 154 155 157 154 119
   0   0   0   2  10 155 153 154 152 153 155 155 155 155 156 126
   0   0   0   1   3 154 153 152 154 155 155 156 157 157 156 137
   0   0   0   1  13 155 154 152 154 155 155 156 156 156 154 118
  79  81  84  85  90 152 153 152 155 157 155 154 153 153 154 123
 150 153 153 152 152 156 156 154 153 156 155 153 153 152 155 131
 150 152 153 154 154 155 156 154 154 156 155 154 154 154 154 143
 150 154 153 153 154 154 155 153 153 155 154 154 154 153 152 119
 150 153 152 154 154 155 152 152 153 154 153 154 154 152 152 126
 118 119 116 135 135 129 128 125 122 119 137 152 153 152 153 140
   2   5   3   4   3   3   3   2   5   3  84 154 154 155 155 149
   0   0   0   1   0   1   0   0   2   3 109 155 154 155 153 131
   0   0   0   0   0   0   0   1   1   2  98 152 152 154 154 130
   0   0   0   0   0   0   0   0   0   0  88 153 154 152 151 138
   0   0   0   0   0   0   0   0   1   1  79 150 153 153 153 146

 104 108 114 126 110 113 119 132 110 117 128 139 123 121 130 139
 135 144 146 146 145 146 144 143 145 145 145 146 145 146 144 145
 139 146 145 146 147 145 146 143 144 145 145 147 146 147 146 145
 135 144 148 147 146 146 145 145 145 145 145 145 144 144 145 146
 137 145 147 146 147 147 143 144 145 144 146 145 145 144 144 144
 132 147 145 147 146 146 145 146 145 144 131  83 103  93  84  78
 134 145 145 146 147 147 147 147 146 145 115   2   2   1   0   1
 134 146 145 146 147 149 146 146 146 146 119   4   2   1   0   0
 133 144 144 146 146 147 147 148 146 144 121   2   0   1   0   0
 133 144 145 145 148 146 147 147 146 145 123   2   0   0   0   0
 134 147 148 150 150 147 148 147 148 147 121   1   2   0   0   0
  17  12   9   3  13  85 145 147 148 146 127   1   0   0   0   0
   0   0   1   1   1  81 146 147 147 147 129   2   1   0   0   0
   0   0   0   0   0  80 146 149 148 145 110   1   0   0   0   0
   0   0   0   0   0  76 146 147 149 148 112   2   0   0   0   0
   0   0   0   0   0  75 147 146 146 147 111   0   0   0   0   0
 106 112 116 127 111 113 120 133 111 117 129 138 121 120 131 137
 138 146 147 147 145 145 145 145 145 144 144 145 145 145 143 144
 136 146 145 147 146 145 147 144 143 144 145 146 146 144 144 144
 136 145 147 147 147 144 144 145 145 144 145 145 146 143 143 145
 136 146 147 147 146 147 145 145 143 144 145 144 145 145 143 143
 134 147 145 147 146 147 146 146 145 144 129  76 102  92  84  74
 135 147 146 145 146 147 147 146 147 146 112   0   1   0   0   1
 133 147 146 146 147 147 147 146 145 146 115   2   2   1   0   0
 135 145 145 146 146 146 145 146 146 146 117   1   0   1   0   0
 135 145 145 146 146 146 147 148 147 144 120   0   0   0   0   0
 135 148 149 148 148 145 146 147 148 147 121   0   0   0   0   0
  15  12   7   1  11  82 146 147 147 146 127   0   0   0   0   0
   0   0   1   0   1  78 145 146 146 146 128   1   1   0   0   0
   0   0   0   0   0  76 145 146 147 145 110   1   0   0   0   0
   0   0   0   0   0  74 146 146 147 146 111   1   0   0   0   0
   0   0   0   0   0  74 144 145 145 145 110   0   0   0   0   0
 111 119 126 137 118 123 131 143 119 126 140 149 131 130 138 146
 143 154 156 156 154 154 155 154 152 152 153 155 153 154 151 153
 146 157 155 157 156 153 152 154 153 152 152 155 155 154 152 153
 144 155 155 157 156 153 153 154 154 154 153 154 154 152 154 153
 143 154 155 156 156 154 153 154 154 154 152 154 155 152 153 150
 141 155 155 155 155 155 155 155 154 153 137  84 109  98  88  79
 144 154 153 155 155 157 156 156 155 154 119   3   3   2   0   1
 141 154 152 154 154 155 153 154 153 153 122   5   2   1   0   1
 143 153 154 152 152 152 154 154 153 152 125   2   0   1   0   0
 142 152 153 153 154 153 156 156 155 152 128   3   0   0   0   0
 141 153 155 154 155 152 156 155 154 155 129   3   1   0   0   0
  17  13  10   3  13  90 152 154 154 154 135   3   0   0   0   0
   0   0   2   1   1  85 152 154 153 154 135   4   1   0   0   0
   0   0   0   0   0  84 153 153 153 152 116   3   0   0   0   0
   0   0   0   0   0  81 153 152 154 153 119   5   0   0   0   0
   1   0   0   0   0  79 150 150 150 150 118   2   0   0   0   0

 139 145 145 146 144  78   1   0   0   0   0   0   0   0   0   0
 130 144 146 145 144  84   0   0   0   0   0   0   0   0   0   0
 121 146 147 144 144  93   1   1   1   0   0   0   0   0   0   0
 123 145 146 144 145 103   2   2   0   0   2   0   1   0   0   0
 139 146 147 145 145  83   2   4   2   2   1   1   2   1   2   0
 128 145 145 145 146 131 115 119 121 123 121 127 129 110 112 111
 117 145 145 145 144 144 145 146 144 145 147 146 147 145 148 147
 110 145 144 145 145 145 146 146 146 146 148 148 147 148 149 146
 132 143 143 145 144 146 147 146 148 147 147 147 147 149 147 146
 119 144 146 145 143 145 147 146 147 147 148 145 146 146 146 147
 113 146 145 146 147 146 147 149 147 146 147  85  81  80  76  75
 110 145 147 146 147 146 147 147 146 148 150  13   1   0   0   0
 126 146 146 147 146 147 146 146 146 145 150   3   1   0   0   0
 114 146 145 148 147 145 145 145 144 145 148   9   1   0   0   0
 108 144 146 144 145 147 145 146 144 144 147  12   0   0   0   0
 104 135 139 135 137 132 134 134 133 133 134  17   0   0   0   0
 137 144 144 145 143  74   1   0   0   0   0   0   0   0   0   0
 131 143 144 143 143  84   0   0   0   0   0   0   0   0   0   0
 120 145 144 143 145  92   0   1   1   0   0   0   0   0   0   0
 121 145 146 146 145 102   1   2   0   0   0   0   1   0   0   0
 138 145 146 145 144  76   0   2   1   0   0   0   1   1   1   0
 129 144 145 145 145 129 112 115 117 120 121 127 128 110 111 110
 117 144 144 144 144 144 146 146 146 144 147 146 146 145 146 145
 111 145 143 145 143 145 147 145 146 147 148 147 146 147 147 145
 133 145 144 145 145 146 146 146 146 148 147 147 146 146 146 145
 120 145 147 144 145 146 147 147 145 147 146 146 145 145 146 144
 113 145 145 144 147 147 147 147 146 146 145  82  78  76  74  74
 111 145 146 147 146 146 146 147 146 146 148  11   1   0   0   0
 127 147 147 147 147 147 145 146 146 146 148   1   0   0   0   0
 116 147 145 147 147 145 146 146 145 145 149   7   1   0   0   0
 112 146 146 145 146 147 147 147 145 145 148  12   0   0   0   0
 106 138 136 136 136 134 135 133 135 135 135  15   0   0   0   0
 146 153 153 153 150  79   1   1   0   0   0   0   0   0   0   0
 138 151 152 154 153  88   0   0   0   0   0   0   0   0   0   0
 130 154 154 152 152  98   2   1   1   0   0   0   0   0   0   0
 131 153 155 154 155 109   3   2   0   0   1   0   1   0   0   0
 149 155 155 154 154  84   3   5   2   3   3   3   4   3   5   2
 140 153 152 153 152 137 119 122 125 128 129 135 135 116 119 118
 126 152 152 154 154 153 154 153 152 152 155 154 154 152 153 150
 119 152 153 154 154 154 155 153 153 155 154 154 153 153 154 150
 143 154 154 154 154 155 156 154 154 156 155 154 154 153 152 150
 131 155 152 153 153 155 156 153 154 156 156 152 152 153 153 150
 123 154 153 153 154 155 157 155 152 153 152  90  85  84  81  79
 118 154 156 156 156 155 155 154 152 154 155  13   1   0   0   0
 137 156 157 157 156 155 155 154 152 153 154   3   1   0   0   0
 126 156 155 155 155 155 153 152 154 153 155  10   2   0   0   0
 119 154 157 155 154 155 154 154 153 152 153  13   0   0   0   0
 111 143 146 144 143 141 144 141 143 142 141  17   0   0   0   1

   0   0   0   0   0 111 147 146 146 147  75   0   0   0   0   0
   0   0   0   0   2 112 148 149 147 146  76   0   0   0   0   0
   0   0   0   0   1 110 145 148 149 146  80   0   0   0   0   0
   0   0   0   1   2 129 147 147 147 146  81   1   1   1   0   0
   0   0   0   0   1 127 146 148 147 145  85  13   3   9  12  17
   0   0   0   2   1 121 147 148 147 148 147 150 150 148 147 134
   0   0   0   0   2 123 145 146 147 147 146 148 145 145 144 133
   0   0   1   0   2 121 144 146 148 147 147 146 146 144 144 133
   0   0   1   2   4 119 146 146 146 146 149 147 146 145 146 134
   1   0   1   2   2 115 145 146 147 147 147 147 146 145 145 134
  78  84  93 103  83 131 144 145 146 145 146 146 147 145 147 132
 144 144 144 145 145 146 144 145 144 143 147 147 146 147 145 137
 146 145 144 144 145 145 145 145 145 145 146 146 147 148 144 135
 145 146 147 146 147 145 145 144 143 146 145 147 146 145 146 139
 145 144 146 145 146 145 145 145 143 144 146 145 146 146 144 135
 139 130 121 123 139 128 117 110 132 119 113 110 126 114 108 104
   0   0   0   0   0 110 145 145 145 144  74   0   0   0   0   0
   0   0   0   0   1 111 146 147 146 146  74   0   0   0   0   0
   0   0   0   0   1 110 145 147 146 145  76   0   0   0   0   0
   0   0   0   1   1 128 146 146 146 145  78   1   0   1   0   0
   0   0   0   0   0 127 146 147 147 146  82  11   1   7  12  15
   0   0   0   0   0 121 147 148 147 146 145 148 148 149 148 135
   0   0   0   0   0 120 144 147 148 147 146 146 146 145 145 135
   0   0   1   0   1 117 146 146 146 145 146 146 146 145 145 135
   0   0   1   2   2 115 146 145 146 147 147 147 146 146 147 133
   1   0   0   1   0 112 146 147 146 147 147 146 145 146 147 135
  74  84  92 102  76 129 144 145 146 146 147 146 147 145 147 134
 143 143 145 145 144 145 144 143 145 145 147 146 147 147 146 136
 145 143 143 146 145 145 144 145 145 144 144 147 147 147 145 136
 144 144 144 146 146 145 144 143 144 147 145 146 147 145 146 136
 144 143 145 145 145 144 144 145 145 145 145 145 147 147 146 138
 137 131 120 121 138 129 117 111 133 120 113 111 127 116 112 106
   0   0   0   0   2 118 150 150 150 150  79   0   0   0   0   1
   0   0   0   0   5 119 153 154 152 153  81   0   0   0   0   0
   0   0   0   0   3 116 152 153 153 153  84   0   0   0   0   0
   0   0   0   1   4 135 154 153 154 152  85   1   1   2   0   0
   0   0   0   0   3 135 154 154 154 152  90  13   3  10  13  17
   0   0   0   1   3 129 155 154 155 156 152 155 154 155 153 141
   0   0   0   0   3 128 152 155 156 156 153 154 153 153 152 142
   0   0   1   0   2 125 152 153 154 154 152 152 152 154 153 143
   1   0   1   2   5 122 153 153 154 153 155 154 154 152 154 141
   1   0   2   3   3 119 154 155 156 156 157 155 155 153 154 144
  79  88  98 109  84 137 153 154 155 155 155 155 155 155 155 141
 150 153 152 155 154 152 154 154 154 153 154 156 156 155 154 143
 153 154 152 154 154 153 154 154 154 153 153 156 157 155 155 144
 153 152 154 155 155 152 152 153 154 152 153 156 157 155 157 146
 153 151 154 153 155 153 152 152 154 155 154 154 156 156 154 143
 146 138 130 131 149 140 126 119 143 131 123 118 137 126 119 111

