   7  35  52  50  42  12   4   9  45  40  45  51  56  45  40  10
  10 138 207 208 191  59   6  39 189 209 210 207 206 207 183  49
  13 170 234 233 215  53   6  51 213 234 233 233 235 235 208  48
  12 163 232 231 215  55   6  53 211 234 233 234 235 235 208  48
  11 116 175 178 163  37   5  41 161 180 180 176 177 177 164  30
   5  10  15  12  19   5   3   4  11  15  26  25  22  18  13   5
   5   5   5   5   3   5   2   3   6   7   7   7   6   6   6   5
   4   4   4   4   3   4   3  20  96 112 114  80   7   5   3   5
   5   4   3   3   3   7   2  45 209 230 231 172   9   6   3   5
   5   5   4   2   4   7   4  62 216 236 235 169  13   7   5   6
   4   5   5   2   1   3   4  56 217 236 235 185  77  63  47  11
   4   5   4   3   1   3   5  52 219 236 237 229 217 214 190  44
   4   5   6   4   1   3   5  48 220 236 236 237 233 235 207  56
   5   5   7   5   1   2   5  50 216 234 234 235 235 234 205  48
   6   6   7   4   2   2   5  36 148 168 165 167 167 163 143  31
   9   7   6   6   3   4   6   6   9  11  21  21  19  16  12   8
   9  39  55  51  44  15   9  13  45  43  47  52  57  48  42  12
  15 139 200 200 184  65  10  46 181 200 201 199 199 198 175  53
  18 171 226 227 208  59  10  57 207 227 227 227 228 227 201  55
  20 167 225 226 209  60   9  56 204 227 227 227 227 227 203  54
  15 123 179 183 165  43   9  46 164 182 183 182 185 184 166  36
   9  16  26  24  29  10   8   9  18  22  32  33  30  25  21   9
   8   8   9  10   8   7   7   8   9  10   9   9   8   7   8   8
   8   7   8   8   7   6   7  24  93 108 110  79   9   7   8   7
   9   9   9   8   7  10   7  52 202 222 221 168  12   8   9   7
   9   9  10   7   7  11   7  69 209 229 227 167  17   9   9   8
   9   9  10   7   7   8   7  66 208 228 227 181  76  63  48  13
   9   9   9   8   7   9   6  61 211 228 228 219 208 206 182  48
  10   9  10   8   7   9   8  56 210 228 227 228 229 228 201  59
  10   9  10   8   7   6   7  57 208 227 228 228 227 227 200  50
  10  10  11   8   8   6   6  44 153 174 172 173 172 171 149  36
  13  11  10   9   8   7   7   9  16  15  28  26  25  22  19  13
   6  32  41  37  32  10   4   8  33  29  35  38  42  36  30   7
  13 127 179 179 164  58   7  43 163 178 180 178 179 178 157  47
  17 160 207 207 191  53   7  51 189 208 208 209 210 210 186  50
  17 158 208 208 192  55   5  50 191 209 209 210 209 210 187  49
  11 119 173 176 159  40   4  41 157 176 177 175 177 176 157  35
   4  13  25  22  26   6   3   5  14  19  30  31  27  23  19   6
   3   4   5   6   3   2   2   4   4   5   5   5   4   5   4   4
   4   4   4   5   3   2   2  17  74  88  90  62   5   4   3   4
   5   5   4   4   3   7   3  45 183 200 202 151   8   5   3   4
   5   5   5   3   3   7   4  62 190 209 209 153  12   5   4   4
   4   5   6   3   2   3   4  61 191 210 208 162  58  45  34   8
   4   5   4   3   2   3   3  55 194 211 210 199 188 185 165  43
   5   5   7   4   2   3   4  51 195 210 211 211 210 210 187  55
   5   5   7   5   2   2   3  49 192 211 209 210 210 212 186  48
   7   6   7   5   3   2   3  38 146 168 166 167 165 164 143  34
  10   8   6   5   4   4   4   5  13  13  25  24  23  19  16   9

  10  49  48  48  30   5   5   5   5   6  11  44  56  48  31   8
  40 183 208 208 164  13   6   3   3   5  47 190 207 205 143  12
  45 207 235 235 177  18   6   5   6   7  63 214 235 234 163  16
  56 206 235 235 177  22   6   7   9  13  77 217 233 235 167  19
  51 207 233 234 176  25   7  80 172 169 185 229 237 235 167  21
  45 210 233 233 180  26   7 114 231 235 235 237 236 234 165  21
  40 209 234 234 180  15   7 112 230 236 236 236 236 234 168  11
  45 189 213 211 161  11   6  96 209 216 217 219 220 216 148   9
   9  39  51  53  41   4   3  20  45  62  56  52  48  50  36   6
   4   6   6   6   5   3   2   3   2   4   4   5   5   5   5   6
  12  59  53  55  37   5   5   4   7   7   3   3   3   2   2   4
  42 191 215 215 163  19   3   3   3   4   1   1   1   1   2   3
  50 208 233 231 178  12   5   4   3   2   2   3   4   5   4   6
  52 207 234 232 175  15   5   4   3   4   5   4   6   7   7   6
  35 138 170 163 116  10   5   4   4   5   5   5   5   5   6   7
   7  10  13  12  11   5   5   4   5   5   4   4   4   5   6   9
  12  53  55  54  36   9   8   7   7   8  13  48  59  50  36  13
  42 175 201 203 166  21   8   8   9   9  48 182 201 200 149  19
  48 198 227 227 184  25   7   7   8   9  63 206 228 227 171  22
  57 199 228 227 185  30   8   9  12  17  76 208 229 227 172  25
  52 199 227 227 182  33   9  79 168 167 181 219 228 228 173  26
  47 201 227 227 183  32   9 110 221 227 227 228 227 228 172  28
  43 200 227 227 182  22  10 108 222 229 228 228 228 227 174  15
  45 181 207 204 164  18   9  93 202 209 208 211 210 208 153  16
  13  46  57  56  46   9   8  24  52  69  66  61  56  57  44   9
   9  10  10   9   9   8   7   7   7   7   7   6   8   7   6   7
  15  65  59  60  43  10   7   6  10  11   8   9   9   6   6   7
  44 184 208 209 165  29   8   7   7   7   7   7   7   7   8   8
  51 200 227 226 183  24  10   8   8   7   7   8   8   8   8   9
  55 200 226 225 179  26   9   8   9  10  10   9  10  10  11  10
  39 139 171 167 123  16   8   7   9   9   9   9   9   9  10  11
   9  15  18  20  15   9   8   8   9   9   9   9  10  10  10  13
   7  47  50  49  35   6   4   4   4   4   8  43  55  48  34   9
  30 157 186 187 157  19   4   3   3   4  34 165 187 186 143  16
  36 178 210 210 176  23   5   4   5   5  45 185 210 212 164  19
  42 179 210 209 177  27   4   5   8  12  58 188 210 210 165  23
  38 178 209 210 175  31   5  62 151 153 162 199 211 210 167  24
  35 180 208 209 177  30   5  90 202 209 208 210 211 209 166  25
  29 178 208 209 176  19   5  88 200 209 210 211 210 211 168  13
  33 163 189 191 157  14   4  74 183 190 191 194 195 192 146  13
   8  43  51  50  41   5   4  17  45  62  61  55  51  49  38   5
   4   7   7   5   4   3   2   2   3   4   4   3   4   3   3   4
  10  58  53  55  40   6   2   2   7   7   3   3   3   2   2   4
  32 164 191 192 159  26   3   3   3   3   2   2   2   2   3   4
  37 179 207 208 176  22   6   5   4   3   3   3   4   5   5   5
  41 179 207 208 173  25   5   4   4   5   6   4   7   7   7   6
  32 127 160 158 119  13   4   4   5   5   5   5   5   5   6   8
   6  13  17  17  11   4   3   4   5   5   4   4   5   5   7  10

   8  12  16  19  21  21  11   9   6   6   4   3   6   6   7   9
  31 143 163 167 167 165 168 148  36   5   2   2   4   7   6   6
  48 205 234 235 235 234 234 216  50   5   2   1   5   7   5   5
  56 207 235 233 237 236 236 220  48   5   3   1   4   6   5   4
  44 190 214 217 229 237 236 219  52   5   3   1   3   4   5   4
  11  47  63  77 185 235 236 217  56   4   3   1   2   5   5   4
   6   5   7  13 169 235 236 216  62   4   7   4   2   4   5   5
   5   3   6   9 172 231 230 209  45   2   7   3   3   3   4   5
   5   3   5   7  80 114 112  96  20   3   4   3   4   4   4   4
   5   6   6   6   7   7   7   6   3   2   5   3   5   5   5   5
   5  13  18  22  25  26  15  11   4   3   5  19  12  15  10   5
  30 164 177 177 176 180 180 161  41   5  37 163 178 175 116  11
  48 208 235 235 234 233 234 211  53   6  55 215 231 232 163  12
  48 208 235 235 233 233 234 213  51   6  53 215 233 234 170  13
  49 183 207 206 207 210 209 189  39   6  59 191 208 207 138  10
  10  40  45  56  51  45  40  45   9   4  12  42  50  52  35   7
  13  19  22  25  26  28  15  16   9   7   7   8   9  10  11  13
  36 149 171 172 173 172 174 153  44   6   6   8   8  11  10  10
  50 200 227 227 228 228 227 208  57   7   6   7   8  10   9  10
  59 201 228 229 228 227 228 210  56   8   9   7   8  10   9  10
  48 182 206 208 219 228 228 211  61   6   9   7   8   9   9   9
  13  48  63  76 181 227 228 208  66   7   8   7   7  10   9   9
   8   9   9  17 167 227 229 209  69   7  11   7   7  10   9   9
   7   9   8  12 168 221 222 202  52   7  10   7   8   9   9   9
   7   8   7   9  79 110 108  93  24   7   6   7   8   8   7   8
   8   8   7   8   9   9  10   9   8   7   7   8  10   9   8   8
   9  21  25  30  33  32  22  18   9   8  10  29  24  26  16   9
  36 166 184 185 182 183 182 164  46   9  43 165 183 179 123  15
  54 203 227 227 227 227 227 204  56   9  60 209 226 225 167  20
  55 201 227 228 227 227 227 207  57  10  59 208 227 226 171  18
  53 175 198 199 199 201 200 181  46  10  65 184 200 200 139  15
  12  42  48  57  52  47  43  45  13   9  15  44  51  55  39   9
   9  16  19  23  24  25  13  13   5   4   4   4   5   6   8  10
  34 143 164 165 167 166 168 146  38   3   2   3   5   7   6   7
  48 186 212 210 210 209 211 192  49   3   2   2   5   7   5   5
  55 187 210 210 211 211 210 195  51   4   3   2   4   7   5   5
  43 165 185 188 199 210 211 194  55   3   3   2   3   4   5   4
   8  34  45  58 162 208 210 191  61   4   3   2   3   6   5   4
   4   4   5  12 153 209 209 190  62   4   7   3   3   5   5   5
   4   3   5   8 151 202 200 183  45   3   7   3   4   4   5   5
   4   3   4   5  62  90  88  74  17   2   2   3   5   4   4   4
   4   4   5   4   5   5   5   4   4   2   2   3   6   5   4   3
   6  19  23  27  31  30  19  14   5   3   6  26  22  25  13   4
  35 157 176 177 175 177 176 157  41   4  40 159 176 173 119  11
  49 187 210 209 210 209 209 191  50   5  55 192 208 208 158  17
  50 186 210 210 209 208 208 189  51   7  53 191 207 207 160  17
  47 157 178 179 178 180 178 163  43   7  58 164 179 179 127  13
   7  30  36  42  38  35  29  33   8   4  10  32  37  41  32   6

   9   6   5   4   4   4   5   5   4   5   5  11  12  13  10   7
   7   6   5   5   5   5   5   4   4   5  10 116 163 170 138  35
   6   7   7   6   4   5   4   3   4   5  15 175 232 234 207  52
   6   4   5   4   3   2   2   3   4   5  12 178 231 233 208  50
   3   2   1   1   1   1   4   3   3   3  19 163 215 215 191  42
   4   2   2   3   3   3   7   7   4   5   5  37  55  53  59  12
   6   5   5   5   5   4   4   2   3   2   3   5   6   6   6   4
   6  36  50  48  52  56  62  45  20   3   4  41  53  51  39   9
   9 148 216 220 219 217 216 209  96   6  11 161 211 213 189  45
  11 168 234 236 236 236 236 230 112   7  15 180 234 234 209  40
  21 165 234 236 237 235 235 231 114   7  26 180 233 233 210  45
  21 167 235 237 229 185 169 172  80   7  25 176 234 233 207  51
  19 167 235 233 217  77  13   9   7   6  22 177 235 235 206  56
  16 163 234 235 214  63   7   6   5   6  18 177 235 235 207  45
  12 143 205 207 190  47   5   3   3   6  13 164 208 208 183  40
   8  31  48  56  44  11   6   5   5   5   5  30  48  48  49  10
  13  10  10  10   9   9   9   9   8   8   9  15  20  18  15   9
  11  10   9   9   9   9   9   9   7   8  16 123 167 171 139  39
  10  11  10  10   9  10  10   9   8   9  26 179 225 226 200  55
   9   8   8   8   8   7   7   8   8  10  24 183 226 227 200  51
   8   8   7   7   7   7   7   7   7   8  29 165 209 208 184  44
   7   6   6   9   9   8  11  10   6   7  10  43  60  59  65  15
   7   6   7   8   6   7   7   7   7   7   8   9   9  10  10   9
   9  44  57  56  61  66  69  52  24   8   9  46  56  57  46  13
  16 153 208 210 211 208 209 202  93   9  18 164 204 207 181  45
  15 174 227 228 228 228 229 222 108  10  22 182 227 227 200  43
  28 172 228 227 228 227 227 221 110   9  32 183 227 227 201  47
  26 173 228 228 219 181 167 168  79   9  33 182 227 227 199  52
  25 172 227 229 208  76  17  12   9   8  30 185 227 228 199  57
  22 171 227 228 206  63   9   8   7   7  25 184 227 227 198  48
  19 149 200 201 182  48   9   9   8   8  21 166 203 201 175  42
  13  36  50  59  48  13   8   7   7   8   9  36  54  55  53  12
  10   7   5   5   4   4   5   5   4   3   4  11  17  17  13   6
   8   6   5   5   5   5   5   5   4   4  13 119 158 160 127  32
   6   7   7   7   4   6   5   4   4   5  25 173 208 207 179  41
   5   5   5   4   3   3   3   4   5   6  22 176 208 207 179  37
   4   3   2   2   2   2   3   3   3   3  26 159 192 191 164  32
   4   2   2   3   3   3   7   7   2   2   6  40  55  53  58  10
   4   3   3   4   3   4   4   3   2   2   3   4   5   7   7   4
   5  38  49  51  55  61  62  45  17   4   5  41  50  51  43   8
  13 146 192 195 194 191 190 183  74   4  14 157 191 189 163  33
  13 168 211 210 211 210 209 200  88   5  19 176 209 208 178  29
  25 166 209 211 210 208 209 202  90   5  30 177 209 208 180  35
  24 167 210 211 199 162 153 151  62   5  31 175 210 209 178  38
  23 165 210 210 188  58  12   8   5   4  27 177 209 210 179  42
  19 164 212 210 185  45   5   5   4   5  23 176 210 210 178  36
  16 143 186 187 165  34   4   3   3   4  19 157 187 186 157  30
   9  34  48  55  43   8   4   4   4   4   6  35  49  50  47   7

