   6   6   6   5   4   3   4   4   4   4   4   5   5   5   5   5
   5   5   4   2   2   2   2   2   3   3   4   4   4   3   4   4
   5   4   2   1   1   1   2   2   2   2   3   4   4   3   3   4
   5   4   2   3   2   1   2   2   2   2   2   3   5   4   3   3
   5   4   2   2   1   1   1   0   1   2   3   2   2   3   2   4
   5   5   5   4   3   2   2   1   2   2   3   3   3   4   4   5
   5   5   5   5   5   5   4   2   2   4   3   4   5   5   5   5
   5   7   8   8   7   9  13  29  16   4   4  14  33  34  33  10
   6 102 163 171 170 171 171 169  88   7   3 100 189 193 184  59
   7 141 216 219 219 219 219 218 124   9   5 126 212 214 206  68
   7 127 215 219 218 218 218 217 122  11   6 130 212 214 205  67
   6  85 175 180 178 177 177 177  92  11   6 134 212 213 205  67
   5   7  12   9   8   8   8   9   9   6   4 137 212 213 204  65
   5   5   5   5   5   5   5   5   5   5   4 138 212 213 203  64
   6   5   5   5   5   5   5   5   3   5   3 129 201 204 192  57
   6   5   5   4   5   5   4   4   5   5   4  33  56  57  55  18
  10  10   9   8   7   7   7   7   7   7   7   8   8   8   8   8
   8   8   7   6   6   6   6   6   6   6   7   7   7   8   9   9
   8   7   6   5   5   5   5   6   6   6   7   8   8   8   8   9
   8   7   6   6   6   5   6   6   6   6   7   8   9   8   8   8
   7   7   7   7   6   6   6   5   6   8   8   8   8   8   8   9
   9   9   8   8   8   8   7   7   7   7   8   8   8   8   8   9
   9   9   9   9   9   9   9   8   8   9   8   9   9   9   8   9
  10  14  18  19  19  20  24  39  23   9   9  22  44  45  43  15
  12 111 168 175 176 176 176 173  91  10  10 111 192 194 184  61
  13 148 215 218 219 219 219 217 125  11  10 133 213 213 205  71
  14 136 217 219 218 218 218 217 124  14  11 137 213 214 205  70
  13  95 179 183 183 183 182 181  94  14  11 140 213 214 205  69
  10  15  22  20  20  19  18  18  13   9  11 142 213 213 204  68
   9   8   8   9   9   8   8   8   9   9  10 144 212 213 203  68
   9   8   8   8   8   8   8   9   8   9  11 138 202 204 191  59
  10   8   8   8   8   9   9   9   9   9   9  41  68  70  64  20
   9   9   9   8   7   6   7   7   7   7   7   8   8   8   7   6
   8   8   7   5   5   5   5   5   6   6   7   7   7   6   5   4
   8   7   5   4   4   4   4   5   5   5   6   6   5   4   4   4
   8   7   5   5   4   4   5   4   5   4   5   4   5   5   4   4
   7   6   4   3   2   2   2   1   2   3   4   3   4   5   4   4
   5   5   4   4   4   3   3   2   3   3   4   4   4   5   6   5
   6   5   5   5   6   5   4   3   3   4   4   4   5   5   8   5
   6  12  16  17  17  17  22  37  17   5   4  19  42  43  41  13
  11 110 167 173 172 172 172 171  83   5   4 108 190 192 181  54
  12 147 213 215 212 211 212 210 114   5   7 132 210 210 200  61
  13 134 210 212 211 212 212 209 112   7   8 136 210 211 198  60
  12  93 174 178 175 175 175 174  86   8  10 139 210 210 198  61
   9  13  20  18  18  17  16  16  10   5  10 141 210 210 197  59
   8   8   8   8   8   8   8   7   5   5   8 143 209 209 196  56
   9   8   8   8   8   8   6   5   4   5   7 136 199 200 184  52
   9   8   8   7   7   5   4   4   5   5   6  40  65  67  61  19

   5   4   4   3   4   5   5  10  59  68  67  67  65  64  57  18
   5   4   3   3   2   4   5  33 184 206 205 205 204 203 192  55
   5   3   3   4   3   4   5  34 193 214 214 213 213 213 204  57
   5   4   4   5   2   3   5  33 189 212 212 212 212 212 201  56
   5   4   4   3   2   3   4  14 100 126 130 134 137 138 129  33
   4   4   3   2   3   3   3   4   3   5   6   6   4   4   3   4
   4   3   2   2   2   2   4   4   7   9  11  11   6   5   5   5
   4   3   2   2   1   2   2  16  88 124 122  92   9   5   3   5
   4   2   2   2   0   1   2  29 169 218 217 177   9   5   5   4
   4   2   2   2   1   2   4  13 171 219 218 177   8   5   5   4
   3   2   1   1   1   2   5   9 171 219 218 177   8   5   5   5
   4   2   1   2   1   3   5   7 170 219 218 178   8   5   5   5
   5   2   1   3   2   4   5   8 171 219 219 180   9   5   5   4
   6   4   2   2   2   5   5   8 163 216 215 175  12   5   5   5
   6   5   4   4   4   5   5   7 102 141 127  85   7   5   5   5
   6   5   5   5   5   5   5   5   6   7   7   6   5   5   6   6
   8   9   9   8   9   9   9  15  61  71  70  69  68  68  59  20
   8   9   8   8   8   8   8  43 184 205 205 205 204 203 191  64
   8   8   8   8   8   8   9  45 194 213 214 214 213 213 204  70
   8   7   8   9   8   8   9  44 192 213 213 213 213 212 202  68
   8   7   8   8   8   8   9  22 111 133 137 140 142 144 138  41
   7   7   7   7   8   8   8   9  10  10  11  11  11  10  11   9
   7   6   6   6   8   7   9   9  10  11  14  14   9   9   9   9
   7   6   6   6   6   7   8  23  91 125 124  94  13   9   8   9
   7   6   6   6   5   7   8  39 173 217 217 181  18   8   9   9
   7   6   5   6   6   7   9  24 176 219 218 182  18   8   8   9
   7   6   5   5   6   8   9  20 176 219 218 183  19   8   8   9
   7   6   5   6   6   8   9  19 176 219 218 183  20   9   8   8
   8   6   5   6   7   8   9  19 175 218 219 183  20   9   8   8
   9   7   6   6   7   8   9  18 168 215 217 179  22   8   8   8
  10   8   7   7   7   9   9  14 111 148 136  95  15   8   8   8
  10   8   8   8   7   9   9  10  12  13  14  13  10   9   9  10
   6   4   4   4   4   5   5  13  54  61  60  61  59  56  52  19
   7   5   4   4   4   6   8  41 181 200 198 198 197 196 184  61
   8   6   4   5   5   5   5  43 192 210 211 210 210 209 200  67
   8   7   5   5   4   4   5  42 190 210 210 210 210 209 199  65
   8   7   6   4   3   4   4  19 108 132 136 139 141 143 136  40
   7   7   6   5   4   4   4   4   4   7   8  10  10   8   7   6
   7   6   5   4   3   3   4   5   5   5   7   8   5   5   5   5
   7   6   5   5   2   3   3  17  83 114 112  86  10   5   4   5
   7   5   5   4   1   2   3  37 171 210 209 174  16   7   5   4
   7   5   4   5   2   3   4  22 172 212 212 175  16   8   6   4
   6   5   4   4   2   3   5  17 172 211 212 175  17   8   8   5
   7   5   4   4   2   4   6  17 172 212 211 175  18   8   8   7
   8   5   4   5   3   4   5  17 173 215 212 178  18   8   8   7
   9   7   5   5   4   4   5  16 167 213 210 174  20   8   8   8
   9   8   7   7   6   5   5  12 110 147 134  93  13   8   8   8
   9   8   8   8   7   5   6   6  11  12  13  12   9   8   9   9

  18  55  57  56  33   4   5   5   4   4   5   5   4   5   5   6
  57 192 204 201 129   3   5   3   5   5   5   5   5   5   5   6
  64 203 213 212 138   4   5   5   5   5   5   5   5   5   5   5
  65 204 213 212 137   4   6   9   9   8   8   8   9  12   7   5
  67 205 213 212 134   6  11  92 177 177 177 178 180 175  85   6
  67 205 214 212 130   6  11 122 217 218 218 218 219 215 127   7
  68 206 214 212 126   5   9 124 218 219 219 219 219 216 141   7
  59 184 193 189 100   3   7  88 169 171 171 170 171 163 102   6
  10  33  34  33  14   4   4  16  29  13   9   7   8   8   7   5
   5   5   5   5   4   3   4   2   2   4   5   5   5   5   5   5
   5   4   4   3   3   3   2   2   1   2   2   3   4   5   5   5
   4   2   3   2   2   3   2   1   0   1   1   1   2   2   4   5
   3   3   4   5   3   2   2   2   2   2   1   2   3   2   4   5
   4   3   3   4   4   3   2   2   2   2   1   1   1   2   4   5
   4   4   3   4   4   4   3   3   2   2   2   2   2   4   5   5
   5   5   5   5   5   4   4   4   4   4   3   4   5   6   6   6
  20  64  70  68  41   9   9   9   9   9   9   8   8   8   8  10
  59 191 204 202 138  11   9   8   9   8   8   8   8   8   8   9
  68 203 213 212 144  10   9   9   8   8   8   9   9   8   8   9
  68 204 213 213 142  11   9  13  18  18  19  20  20  22  15  10
  69 205 214 213 140  11  14  94 181 182 183 183 183 179  95  13
  70 205 214 213 137  11  14 124 217 218 218 218 219 217 136  14
  71 205 213 213 133  10  11 125 217 219 219 219 218 215 148  13
  61 184 194 192 111  10  10  91 173 176 176 176 175 168 111  12
  15  43  45  44  22   9   9  23  39  24  20  19  19  18  14  10
   9   8   9   9   9   8   9   8   8   9   9   9   9   9   9   9
   9   8   8   8   8   8   7   7   7   7   8   8   8   8   9   9
   9   8   8   8   8   8   8   6   5   6   6   6   7   7   7   7
   8   8   8   9   8   7   6   6   6   6   5   6   6   6   7   8
   9   8   8   8   8   7   6   6   6   5   5   5   5   6   7   8
   9   9   8   7   7   7   6   6   6   6   6   6   6   7   8   8
   8   8   8   8   8   7   7   7   7   7   7   7   8   9  10  10
  19  61  67  65  40   6   5   5   4   4   5   7   7   8   8   9
  52 184 200 199 136   7   5   4   5   6   8   8   8   8   8   9
  56 196 209 209 143   8   5   5   7   8   8   8   8   8   8   8
  59 197 210 210 141  10   5  10  16  16  17  18  18  20  13   9
  61 198 210 210 139  10   8  86 174 175 175 175 178 174  93  12
  60 198 211 210 136   8   7 112 209 212 212 211 212 210 134  13
  61 200 210 210 132   7   5 114 210 212 211 212 215 213 147  12
  54 181 192 190 108   4   5  83 171 172 172 172 173 167 110  11
  13  41  43  42  19   4   5  17  37  22  17  17  17  16  12   6
   5   8   5   5   4   4   4   3   3   4   5   6   5   5   5   6
   5   6   5   4   4   4   3   3   2   3   3   4   4   4   5   5
   4   4   5   4   3   4   3   2   1   2   2   2   3   4   6   7
   4   4   5   5   4   5   4   5   4   5   4   4   5   5   7   8
   4   4   4   5   6   6   5   5   5   4   4   4   4   5   7   8
   4   5   6   7   7   7   6   6   5   5   5   5   5   7   8   8
   6   7   8   8   8   7   7   7   7   7   6   7   8   9   9   9

   6   6   5   5   6   7   7   6   5   5   5   5   5   5   5   6
   5   5   5   7  85 127 141 102   7   5   5   4   4   4   5   6
   5   5   5  12 175 215 216 163   8   5   5   2   2   2   4   6
   4   5   5   9 180 219 219 171   8   5   4   2   3   1   2   5
   5   5   5   8 178 218 219 170   7   5   3   1   2   1   2   4
   5   5   5   8 177 218 219 171   9   5   2   1   1   1   2   3
   4   5   5   8 177 218 219 171  13   4   2   1   2   2   2   4
   4   5   5   9 177 217 218 169  29   2   1   0   2   2   2   4
   5   3   5   9  92 122 124  88  16   2   2   1   2   2   3   4
   5   5   5   6  11  11   9   7   4   4   2   2   2   2   3   4
   4   3   4   4   6   6   5   3   4   3   3   3   2   3   4   4
  33 129 138 137 134 130 126 100  14   4   3   2   3   4   4   5
  56 201 212 212 212 212 212 189  33   5   3   2   5   4   4   5
  57 204 213 213 213 214 214 193  34   5   4   3   4   3   3   5
  55 192 203 204 205 205 206 184  33   5   4   2   3   3   4   5
  18  57  64  65  67  67  68  59  10   5   5   4   3   4   4   5
  10   9   9  10  13  14  13  12  10   9   9   7   8   8   8  10
   8   8   8  15  95 136 148 111  14   9   9   7   7   7   8  10
   8   8   8  22 179 217 215 168  18   9   8   7   6   6   7   9
   8   8   9  20 183 219 218 175  19   9   8   7   6   5   6   8
   8   8   9  20 183 218 219 176  19   9   8   6   6   5   6   7
   9   8   8  19 183 218 219 176  20   9   8   6   5   5   6   7
   9   8   8  18 182 218 219 176  24   9   7   6   6   5   6   7
   9   9   8  18 181 217 217 173  39   8   7   5   6   6   6   7
   9   8   9  13  94 124 125  91  23   8   7   6   6   6   6   7
   9   9   9   9  14  14  11  10   9   9   7   8   6   6   6   7
   9  11  10  11  11  11  10  10   9   8   8   8   7   7   7   7
  41 138 144 142 140 137 133 111  22   9   8   8   8   8   7   8
  68 202 212 213 213 213 213 192  44   9   8   8   9   8   7   8
  70 204 213 213 214 214 213 194  45   9   8   8   8   8   8   8
  64 191 203 204 205 205 205 184  43   8   8   8   8   8   9   8
  20  59  68  68  69  70  71  61  15   9   9   9   8   9   9   8
   9   9   8   9  12  13  12  11   6   6   5   7   8   8   8   9
   8   8   8  13  93 134 147 110  12   5   5   6   7   7   8   9
   8   8   8  20 174 210 213 167  16   5   4   4   5   5   7   9
   7   8   8  18 178 212 215 173  17   5   4   3   5   4   5   8
   7   8   8  18 175 211 212 172  17   6   4   2   4   4   5   7
   5   8   8  17 175 212 211 172  17   5   3   2   4   4   5   6
   4   6   8  16 175 212 212 172  22   4   3   2   5   4   5   7
   4   5   7  16 174 209 210 171  37   3   2   1   4   5   5   7
   5   4   5  10  86 112 114  83  17   3   3   2   5   5   6   7
   5   5   5   5   8   7   5   5   5   4   3   3   4   5   6   7
   6   7   8  10  10   8   7   4   4   4   4   4   5   6   7   7
  40 136 143 141 139 136 132 108  19   4   4   3   4   6   7   8
  65 199 209 210 210 210 210 190  42   5   4   4   5   5   7   8
  67 200 209 210 210 211 210 192  43   5   5   5   5   4   6   8
  61 184 196 197 198 198 200 181  41   8   6   4   4   4   5   7
  19  52  56  59  61  60  61  54  13   5   5   4   4   4   4   6

