   0   0   0   0   0   0   0   0   0   0   0   0   0   0   0   0
   0   0   0   0   0   0   0   0   0   0   0   0   0   0   0   0
   0   0 160 206 206  56   0   0   0   0   0 206 206 206  15   0
   0   0 197 255 255  70   0   0   0   0   0 255 255 255  19   0
   0   0 197 255 255  70   0   0   0   0   0 255 255 255  19   0
   0   0  49  63  63  17   0   0   0   0   0  63  63  63   4   0
   0   0   0   0   0   0   0   0   0   0   0   0   0   0   0   0
   0   0   0   0   0   0   0   0   0   0   0   0   0   0   0   0
   0   0 197 255 255 255 255 255  44   0   0   0   0   0   0   0
   0   0 197 255 255 255 255 255  44   0   0   0   0   0   0   0
   0   0 197 255 255 255 255 255  44   0   0   0   0   0   0   0
   0   0  20  27  27 215 255 255  44   0   0 255 255 255  19   0
   0   0   0   0   0 210 255 255  44   0   0 255 255 255  19   0
   0   0   0   0   0 210 255 255  44   0   0 255 255 255  19   0
   0   0   0   0   0  12  15  15   2   0   0  15  15  15   1   0
   0   0   0   0   0   0   0   0   0   0   0   0   0   0   0   0
   0   0   0   0   0   0   0   0   0   0   0   0   0   0   0   0
   0   0   0   0   0   0   0   0   0   0   0   0   0   0   0   0
   0   0 160 206 206  56   0   0   0   0   0 206 206 206  15   0
   0   0 197 255 255  70   0   0   0   0   0 255 255 255  19   0
   0   0 197 255 255  70   0   0   0   0   0 255 255 255  19   0
   0   0  49  63  63  17   0   0   0   0   0  63  63  63   4   0
   0   0   0   0   0   0   0   0   0   0   0   0   0   0   0   0
   0   0   0   0   0   0   0   0   0   0   0   0   0   0   0   0
   0   0 197 255 255 255 255 255  44   0   0   0   0   0   0   0
   0   0 197 255 255 255 255 255  44   0   0   0   0   0   0   0
   0   0 197 255 255 255 255 255  44   0   0   0   0   0   0   0
   0   0  20  27  27 215 255 255  44   0   0 255 255 255  19   0
   0   0   0   0   0 210 255 255  44   0   0 255 255 255  19   0
   0   0   0   0   0 210 255 255  44   0   0 255 255 255  19   0
   0   0   0   0   0  12  15  15   2   0   0  15  15  15   1   0
   0   0   0   0   0   0   0   0   0   0   0   0   0   0   0   0
   0   0   0   0   0   0   0   0   0   0   0   0   0   0   0   0
   0   0   0   0   0   0   0   0   0   0   0   0   0   0   0   0
   0   0 160 206 206  56   0   0   0   0   0 206 206 206  15   0
   0   0 197 255 255  70   0   0   0   0   0 255 255 255  19   0
   0   0 197 255 255  70   0   0   0   0   0 255 255 255  19   0
   0   0  49  63  63  17   0   0   0   0   0  63  63  63   4   0
   0   0   0   0   0   0   0   0   0   0   0   0   0   0   0   0
   0   0   0   0   0   0   0   0   0   0   0   0   0   0   0   0
   0   0 197 255 255 255 255 255  44   0   0   0   0   0   0   0
   0   0 197 255 255 255 255 255  44   0   0   0   0   0   0   0
   0   0 197 255 255 255 255 255  44   0   0   0   0   0   0   0
   0   0  20  27  27 215 255 255  44   0   0 255 255 255  19   0
   0   0   0   0   0 210 255 255  44   0   0 255 255 255  19   0
   0   0   0   0   0 210 255 255  44   0   0 255 255 255  19   0
   0   0   0   0   0  12  15  15   2   0   0  15  15  15   1   0
   0   0   0   0   0   0   0   0   0   0   0   0   0   0   0   0

   0   0   0   0   0   0   0   0   0   0   0   0   0   0   0   0
   0   0  15  19  19   4   0   0   0   0   0  19  19  19   1   0
   0   0 206 255 255  63   0   0   0   0   0 255 255 255  15   0
   0   0 206 255 255  63   0   0   0   0   0 255 255 255  15   0
   0   0 206 255 255  63   0   0   0   0   0 255 255 255  15   0
   0   0   0   0   0   0   0   0   0   0   0   0   0   0   0   0
   0   0   0   0   0   0   0   0   0   0   0   0   0   0   0   0
   0   0   0   0   0   0   0   0  44  44  44  44  44  44   2   0
   0   0   0   0   0   0   0   0 255 255 255 255 255 255  15   0
   0   0   0   0   0   0   0   0 255 255 255 255 255 255  15   0
   0   0  56  70  70  17   0   0 255 255 255 215 210 210  12   0
   0   0 206 255 255  63   0   0 255 255 255  27   0   0   0   0
   0   0 206 255 255  63   0   0 255 255 255  27   0   0   0   0
   0   0 160 197 197  49   0   0 197 197 197  20   0   0   0   0
   0   0   0   0   0   0   0   0   0   0   0   0   0   0   0   0
   0   0   0   0   0   0   0   0   0   0   0   0   0   0   0   0
   0   0   0   0   0   0   0   0   0   0   0   0   0   0   0   0
   0   0  15  19  19   4   0   0   0   0   0  19  19  19   1   0
   0   0 206 255 255  63   0   0   0   0   0 255 255 255  15   0
   0   0 206 255 255  63   0   0   0   0   0 255 255 255  15   0
   0   0 206 255 255  63   0   0   0   0   0 255 255 255  15   0
   0   0   0   0   0   0   0   0   0   0   0   0   0   0   0   0
   0   0   0   0   0   0   0   0   0   0   0   0   0   0   0   0
   0   0   0   0   0   0   0   0  44  44  44  44  44  44   2   0
   0   0   0   0   0   0   0   0 255 255 255 255 255 255  15   0
   0   0   0   0   0   0   0   0 255 255 255 255 255 255  15   0
   0   0  56  70  70  17   0   0 255 255 255 215 210 210  12   0
   0   0 206 255 255  63   0   0 255 255 255  27   0   0   0   0
   0   0 206 255 255  63   0   0 255 255 255  27   0   0   0   0
   0   0 160 197 197  49   0   0 197 197 197  20   0   0   0   0
   0   0   0   0   0   0   0   0   0   0   0   0   0   0   0   0
   0   0   0   0   0   0   0   0   0   0   0   0   0   0   0   0
   0   0   0   0   0   0   0   0   0   0   0   0   0   0   0   0
   0   0  15  19  19   4   0   0   0   0   0  19  19  19   1   0
   0   0 206 255 255  63   0   0   0   0   0 255 255 255  15   0
   0   0 206 255 255  63   0   0   0   0   0 255 255 255  15   0
   0   0 206 255 255  63   0   0   0   0   0 255 255 255  15   0
   0   0   0   0   0   0   0   0   0   0   0   0   0   0   0   0
   0   0   0   0   0   0   0   0   0   0   0   0   0   0   0   0
   0   0   0   0   0   0   0   0  44  44  44  44  44  44   2   0
   0   0   0   0   0   0   0   0 255 255 255 255 255 255  15   0
   0   0   0   0   0   0   0   0 255 255 255 255 255 255  15   0
   0   0  56  70  70  17   0   0 255 255 255 215 210 210  12   0
   0   0 206 255 255  63   0   0 255 255 255  27   0   0   0   0
   0   0 206 255 255  63   0   0 255 255 255  27   0   0   0   0
   0   0 160 197 197  49   0   0 197 197 197  20   0   0   0   0
   0   0   0   0   0   0   0   0   0   0   0   0   0   0   0   0
   0   0   0   0   0   0   0   0   0   0   0   0   0   0   0   0

   0   0   0   0   0   0   0   0   0   0   0   0   0   0   0   0
   0   1  15  15  15   0   0   2  15  15  12   0   0   0   0   0
   0  19 255 255 255   0   0  44 255 255 210   0   0   0   0   0
   0  19 255 255 255   0   0  44 255 255 210   0   0   0   0   0
   0  19 255 255 255   0   0  44 255 255 215  27  27  20   0   0
   0   0   0   0   0   0   0  44 255 255 255 255 255 197   0   0
   0   0   0   0   0   0   0  44 255 255 255 255 255 197   0   0
   0   0   0   0   0   0   0  44 255 255 255 255 255 197   0   0
   0   0   0   0   0   0   0   0   0   0   0   0   0   0   0   0
   0   0   0   0   0   0   0   0   0   0   0   0   0   0   0   0
   0   4  63  63  63   0   0   0   0   0  17  63  63  49   0   0
   0  19 255 255 255   0   0   0   0   0  70 255 255 197   0   0
   0  19 255 255 255   0   0   0   0   0  70 255 255 197   0   0
   0  15 206 206 206   0   0   0   0   0  56 206 206 160   0   0
   0   0   0   0   0   0   0   0   0   0   0   0   0   0   0   0
   0   0   0   0   0   0   0   0   0   0   0   0   0   0   0   0
   0   0   0   0   0   0   0   0   0   0   0   0   0   0   0   0
   0   1  15  15  15   0   0   2  15  15  12   0   0   0   0   0
   0  19 255 255 255   0   0  44 255 255 210   0   0   0   0   0
   0  19 255 255 255   0   0  44 255 255 210   0   0   0   0   0
   0  19 255 255 255   0   0  44 255 255 215  27  27  20   0   0
   0   0   0   0   0   0   0  44 255 255 255 255 255 197   0   0
   0   0   0   0   0   0   0  44 255 255 255 255 255 197   0   0
   0   0   0   0   0   0   0  44 255 255 255 255 255 197   0   0
   0   0   0   0   0   0   0   0   0   0   0   0   0   0   0   0
   0   0   0   0   0   0   0   0   0   0   0   0   0   0   0   0
   0   4  63  63  63   0   0   0   0   0  17  63  63  49   0   0
   0  19 255 255 255   0   0   0   0   0  70 255 255 197   0   0
   0  19 255 255 255   0   0   0   0   0  70 255 255 197   0   0
   0  15 206 206 206   0   0   0   0   0  56 206 206 160   0   0
   0   0   0   0   0   0   0   0   0   0   0   0   0   0   0   0
   0   0   0   0   0   0   0   0   0   0   0   0   0   0   0   0
   0   0   0   0   0   0   0   0   0   0   0   0   0   0   0   0
   0   1  15  15  15   0   0   2  15  15  12   0   0   0   0   0
   0  19 255 255 255   0   0  44 255 255 210   0   0   0   0   0
   0  19 255 255 255   0   0  44 255 255 210   0   0   0   0   0
   0  19 255 255 255   0   0  44 255 255 215  27  27  20   0   0
   0   0   0   0   0   0   0  44 255 255 255 255 255 197   0   0
   0   0   0   0   0   0   0  44 255 255 255 255 255 197   0   0
   0   0   0   0   0   0   0  44 255 255 255 255 255 197   0   0
   0   0   0   0   0   0   0   0   0   0   0   0   0   0   0   0
   0   0   0   0   0   0   0   0   0   0   0   0   0   0   0   0
   0   4  63  63  63   0   0   0   0   0  17  63  63  49   0   0
   0  19 255 255 255   0   0   0   0   0  70 255 255 197   0   0
   0  19 255 255 255   0   0   0   0   0  70 255 255 197   0   0
   0  15 206 206 206   0   0   0   0   0  56 206 206 160   0   0
   0   0   0   0   0   0   0   0   0   0   0   0   0   0   0   0
   0   0   0   0   0   0   0   0   0   0   0   0   0   0   0   0

   0   0   0   0   0   0   0   0   0   0   0   0   0   0   0   0
   0   0   0   0   0   0   0   0   0   0   0   0   0   0   0   0
   0   0   0   0  20 197 197 197   0   0  49 197 197 160   0   0
   0   0   0   0  27 255 255 255   0   0  63 255 255 206   0   0
   0   0   0   0  27 255 255 255   0   0  63 255 255 206   0   0
   0  12 210 210 215 255 255 255   0   0  17  70  70  56   0   0
   0  15 255 255 255 255 255 255   0   0   0   0   0   0   0   0
   0  15 255 255 255 255 255 255   0   0   0   0   0   0   0   0
   0   2  44  44  44  44  44  44   0   0   0   0   0   0   0   0
   0   0   0   0   0   0   0   0   0   0   0   0   0   0   0   0
   0   0   0   0   0   0   0   0   0   0   0   0   0   0   0   0
   0  15 255 255 255   0   0   0   0   0  63 255 255 206   0   0
   0  15 255 255 255   0   0   0   0   0  63 255 255 206   0   0
   0  15 255 255 255   0   0   0   0   0  63 255 255 206   0   0
   0   1  19  19  19   0   0   0   0   0   4  19  19  15   0   0
   0   0   0   0   0   0   0   0   0   0   0   0   0   0   0   0
   0   0   0   0   0   0   0   0   0   0   0   0   0   0   0   0
   0   0   0   0   0   0   0   0   0   0   0   0   0   0   0   0
   0   0   0   0  20 197 197 197   0   0  49 197 197 160   0   0
   0   0   0   0  27 255 255 255   0   0  63 255 255 206   0   0
   0   0   0   0  27 255 255 255   0   0  63 255 255 206   0   0
   0  12 210 210 215 255 255 255   0   0  17  70  70  56   0   0
   0  15 255 255 255 255 255 255   0   0   0   0   0   0   0   0
   0  15 255 255 255 255 255 255   0   0   0   0   0   0   0   0
   0   2  44  44  44  44  44  44   0   0   0   0   0   0   0   0
   0   0   0   0   0   0   0   0   0   0   0   0   0   0   0   0
   0   0   0   0   0   0   0   0   0   0   0   0   0   0   0   0
   0  15 255 255 255   0   0   0   0   0  63 255 255 206   0   0
   0  15 255 255 255   0   0   0   0   0  63 255 255 206   0   0
   0  15 255 255 255   0   0   0   0   0  63 255 255 206   0   0
   0   1  19  19  19   0   0   0   0   0   4  19  19  15   0   0
   0   0   0   0   0   0   0   0   0   0   0   0   0   0   0   0
   0   0   0   0   0   0   0   0   0   0   0   0   0   0   0   0
   0   0   0   0   0   0   0   0   0   0   0   0   0   0   0   0
   0   0   0   0  20 197 197 197   0   0  49 197 197 160   0   0
   0   0   0   0  27 255 255 255   0   0  63 255 255 206   0   0
   0   0   0   0  27 255 255 255   0   0  63 255 255 206   0   0
   0  12 210 210 215 255 255 255   0   0  17  70  70  56   0   0
   0  15 255 255 255 255 255 255   0   0   0   0   0   0   0   0
   0  15 255 255 255 255 255 255   0   0   0   0   0   0   0   0
   0   2  44  44  44  44  44  44   0   0   0   0   0   0   0   0
   0   0   0   0   0   0   0   0   0   0   0   0   0   0   0   0
   0   0   0   0   0   0   0   0   0   0   0   0   0   0   0   0
   0  15 255 255 255   0   0   0   0   0  63 255 255 206   0   0
   0  15 255 255 255   0   0   0   0   0  63 255 255 206   0   0
   0  15 255 255 255   0   0   0   0   0  63 255 255 206   0   0
   0   1  19  19  19   0   0   0   0   0   4  19  19  15   0   0
   0   0   0   0   0   0   0   0   0   0   0   0   0   0   0   0

