  23  23  27  27  32 130 172 173 173 173 157  51  35  37  34  36
  22  23  28  26  30 132 175 177 176 176 155  54  36  39  38  35
  25  26  28  25  29 132 176 176 176 176 158  55  39  39  38  35
  22  23  24  25  31 134 175 176 177 176 157  57  41  41  35  33
  24  19  22  29  30 130 172 169 173 172 154  62  49  49  42  40
  24  25  22  26  27  66  91  90  91  93 110 140 142 143 137 136
  24  26  24  28  27  28  29  31  33  35  80 166 171 169 168 165
  22  23  25  26  28  26  28  32  34  36  79 166 172 168 167 165
  22  22  25  25  27  29  30  34  34  35  79 167 172 169 167 169
  26  24  26  29  29  31  32  34  34  39  85 164 169 167 168 168
  91  90  93  91  93  92  93  92  91  89 114 165 169 167 168 167
 163 167 168 168 168 171 170 170 169 167 168 168 168 167 168 168
 164 171 170 171 172 176 175 175 172 170 170 167 167 166 168 170
 162 170 169 170 172 174 174 173 171 170 169 167 166 167 169 169
 165 169 166 170 172 174 173 171 170 169 165 166 166 166 169 169
 161 165 165 165 168 168 167 167 165 163 162 164 162 164 165 167
  29  29  30  32  39 135 177 177 177 180 161  58  42  43  43  42
  30  29  32  30  37 138 180 182 183 184 163  59  43  44  44  42
  29  31  33  30  36 140 180 182 182 183 163  61  44  45  43  39
  30  29  29  28  34 139 180 181 182 183 162  61  45  47  43  37
  29  28  28  31  37 136 175 176 178 179 160  68  55  55  49  47
  30  30  28  31  33  75  96  99  99 103 121 147 150 149 144 143
  30  32  32  34  33  33  35  37  40  43  90 173 178 177 175 174
  29  30  32  31  32  33  36  38  40  41  89 172 177 177 175 173
  29  28  28  31  33  34  37  39  41  41  90 173 176 176 175 175
  29  28  29  31  33  34  39  42  43  44  91 171 175 174 175 176
  95  97  96  95  97  97  98  98  99  96 122 172 174 173 174 174
 167 172 172 172 174 175 176 178 174 172 173 175 173 173 174 175
 169 176 175 175 179 181 181 180 178 176 175 174 172 172 174 176
 168 177 175 176 179 180 180 178 178 177 173 172 173 172 174 176
 167 176 174 175 178 179 178 177 176 175 173 172 172 172 175 173
 164 169 168 171 174 173 172 171 170 170 169 169 168 170 171 172
  25  25  25  26  33 134 173 173 174 175 157  56  37  39  38  38
  22  23  27  25  32 136 176 177 178 179 158  55  38  40  40  37
  22  25  27  25  31 135 176 177 178 178 159  56  39  41  39  35
  25  24  24  24  31 135 175 177 178 178 157  58  41  42  38  32
  23  23  23  26  32 131 171 171 173 174 154  64  50  50  45  42
  24  25  24  26  28  70  92  94  94  98 116 142 145 145 140 138
  25  26  26  28  27  28  30  32  34  37  85 167 173 172 171 168
  24  24  28  27  28  29  31  33  34  36  84 167 173 172 171 168
  23  23  25  25  28  29  32  33  36  37  84 166 172 171 171 170
  25  25  27  28  29  32  34  36  36  40  87 166 171 169 170 169
  93  94  94  93  94  94  97  97  94  92 117 165 170 169 170 169
 162 167 166 167 168 171 171 170 169 168 167 168 168 168 171 169
 165 171 170 172 172 174 174 175 172 172 169 167 168 167 170 169
 164 169 168 171 173 175 174 173 170 171 169 167 167 168 170 169
 162 169 168 171 173 174 174 171 170 170 168 167 167 168 170 169
 159 164 164 167 168 168 167 167 165 164 163 164 163 164 166 167

  36  35  35  33  40 136 165 165 169 168 167 168 170 169 169 167
  34  38  38  35  42 137 168 167 167 168 168 168 168 169 169 165
  37  39  39  41  49 143 169 168 169 167 167 167 166 167 166 164
  35  36  39  41  49 142 171 172 172 169 169 168 167 166 166 162
  51  54  55  57  62 140 166 166 167 164 165 168 167 167 166 164
 157 155 158 157 154 110  80  79  79  85 114 168 170 169 165 162
 173 176 176 176 172  93  35  36  35  39  89 167 170 170 169 163
 173 176 176 177 173  91  33  34  34  34  91 169 172 171 170 165
 173 177 176 176 169  90  31  32  34  34  92 170 175 173 171 167
 172 175 176 175 172  91  29  28  30  32  93 170 175 174 173 167
 130 132 132 134 130  66  28  26  29  31  92 171 176 174 174 168
  32  30  29  31  30  27  27  28  27  29  93 168 172 172 172 168
  27  26  25  25  29  26  28  26  25  29  91 168 171 170 170 165
  27  28  28  24  22  22  24  25  25  26  93 168 170 169 166 165
  23  23  26  23  19  25  26  23  22  24  90 167 171 170 169 165
  23  22  25  22  24  24  24  22  22  26  91 163 164 162 165 161
  42  42  39  37  47 143 174 173 175 176 174 175 176 176 173 172
  43  44  43  43  49 144 175 175 175 175 174 174 174 174 175 171
  43  44  45  47  55 149 177 177 176 174 173 173 172 172 172 170
  42  43  44  45  55 150 178 177 176 175 174 173 172 173 172 168
  58  59  61  61  68 147 173 172 173 171 172 175 174 172 172 169
 161 163 163 162 160 121  90  89  90  91 122 173 175 173 173 169
 180 184 183 183 179 103  43  41  41  44  96 172 176 177 175 170
 177 183 182 182 178  99  40  40  41  43  99 174 178 178 176 170
 177 182 182 181 176  99  37  38  39  42  98 178 180 178 177 171
 177 180 180 180 175  96  35  36  37  39  98 176 181 180 178 172
 135 138 140 139 136  75  33  33  34  34  97 175 181 180 179 173
  39  37  36  34  37  33  33  32  33  33  97 174 179 179 178 174
  32  30  30  28  31  31  34  31  31  31  95 172 175 176 175 171
  30  32  33  29  28  28  32  32  28  29  96 172 175 175 174 168
  29  29  31  29  28  30  32  30  28  28  97 172 176 177 176 169
  29  30  29  30  29  30  30  29  29  29  95 167 169 168 167 164
  38  37  35  32  42 138 168 168 170 169 169 169 169 169 169 167
  38  40  39  38  45 140 171 171 171 170 170 171 170 170 170 166
  39  40  41  42  50 145 172 172 171 169 169 168 167 168 168 164
  37  38  39  41  50 145 173 173 172 171 170 168 168 167 167 163
  56  55  56  58  64 142 167 167 166 166 165 168 167 167 167 164
 157 158 159 157 154 116  85  84  84  87 117 167 169 169 168 163
 175 179 178 178 174  98  37  36  37  40  92 168 172 171 170 164
 174 178 178 178 173  94  34  34  36  36  94 169 172 170 170 165
 173 177 177 177 171  94  32  33  33  36  97 170 175 173 171 167
 173 176 176 175 171  92  30  31  32  34  97 171 174 174 174 167
 134 136 135 135 131  70  28  29  29  32  94 171 174 175 174 168
  33  32  31  31  32  28  27  28  28  29  94 168 172 173 173 168
  26  25  25  24  26  26  28  27  25  28  93 167 172 171 171 167
  25  27  27  24  23  24  26  28  25  27  94 166 170 168 168 164
  25  23  25  24  23  25  26  24  23  25  94 167 171 169 169 164
  25  22  22  25  23  24  25  24  23  25  93 162 165 164 162 159

 167 165 164 162 164 162 163 165 167 167 168 168 165 165 165 161
 169 169 166 166 166 165 169 170 171 173 174 172 170 166 169 165
 169 169 167 166 167 169 170 171 173 174 174 172 170 169 170 162
 170 168 166 167 167 170 170 172 175 175 176 172 171 170 171 164
 168 168 167 168 168 168 167 169 170 170 171 168 168 168 167 163
 167 168 167 169 165 114  89  91  92  93  92  93  91  93  90  91
 168 168 167 169 164  85  39  34  34  32  31  29  29  26  24  26
 169 167 169 172 167  79  35  34  34  30  29  27  25  25  22  22
 165 167 168 172 166  79  36  34  32  28  26  28  26  25  23  22
 165 168 169 171 166  80  35  33  31  29  28  27  28  24  26  24
 136 137 143 142 140 110  93  91  90  91  66  27  26  22  25  24
  40  42  49  49  62 154 172 173 169 172 130  30  29  22  19  24
  33  35  41  41  57 157 176 177 176 175 134  31  25  24  23  22
  35  38  39  39  55 158 176 176 176 176 132  29  25  28  26  25
  35  38  39  36  54 155 176 176 177 175 132  30  26  28  23  22
  36  34  37  35  51 157 173 173 173 172 130  32  27  27  23  23
 172 171 170 168 169 169 170 170 171 172 173 174 171 168 169 164
 173 175 172 172 172 173 175 176 177 178 179 178 175 174 176 167
 176 174 172 173 172 173 177 178 178 180 180 179 176 175 177 168
 176 174 172 172 174 175 176 178 180 181 181 179 175 175 176 169
 175 174 173 173 175 173 172 174 178 176 175 174 172 172 172 167
 174 174 173 174 172 122  96  99  98  98  97  97  95  96  97  95
 176 175 174 175 171  91  44  43  42  39  34  33  31  29  28  29
 175 175 176 176 173  90  41  41  39  37  34  33  31  28  28  29
 173 175 177 177 172  89  41  40  38  36  33  32  31  32  30  29
 174 175 177 178 173  90  43  40  37  35  33  33  34  32  32  30
 143 144 149 150 147 121 103  99  99  96  75  33  31  28  30  30
  47  49  55  55  68 160 179 178 176 175 136  37  31  28  28  29
  37  43  47  45  61 162 183 182 181 180 139  34  28  29  29  30
  39  43  45  44  61 163 183 182 182 180 140  36  30  33  31  29
  42  44  44  43  59 163 184 183 182 180 138  37  30  32  29  30
  42  43  43  42  58 161 180 177 177 177 135  39  32  30  29  29
 167 166 164 163 164 163 164 165 167 167 168 168 167 164 164 159
 169 170 168 167 167 168 170 170 171 174 174 173 171 168 169 162
 169 170 168 167 167 169 171 170 173 174 175 173 171 168 169 164
 169 170 167 168 167 169 172 172 175 174 174 172 172 170 171 165
 169 171 168 168 168 167 168 169 170 171 171 168 167 166 167 162
 169 170 169 170 165 117  92  94  97  97  94  94  93  94  94  93
 169 170 169 171 166  87  40  36  36  34  32  29  28  27  25  25
 170 171 171 172 166  84  37  36  33  32  29  28  25  25  23  23
 168 171 172 173 167  84  36  34  33  31  29  28  27  28  24  24
 168 171 172 173 167  85  37  34  32  30  28  27  28  26  26  25
 138 140 145 145 142 116  98  94  94  92  70  28  26  24  25  24
  42  45  50  50  64 154 174 173 171 171 131  32  26  23  23  23
  32  38  42  41  58 157 178 178 177 175 135  31  24  24  24  25
  35  39  41  39  56 159 178 178 177 176 135  31  25  27  25  22
  37  40  40  38  55 158 179 178 177 176 136  32  25  27  23  22
  38  38  39  37  56 157 175 174 173 173 134  33  26  25  25  25

 161 165 162 164 163  91  26  22  22  24  24  24  22  25  22  23
 165 169 170 171 167  90  24  22  23  26  25  19  23  26  23  23
 165 166 169 170 168  93  26  25  25  24  22  22  24  28  28  27
 165 170 170 171 168  91  29  25  26  28  26  29  25  25  26  27
 168 172 172 172 168  93  29  27  28  27  27  30  31  29  30  32
 168 174 174 176 171  92  31  29  26  28  66 130 134 132 132 130
 167 173 174 175 170  93  32  30  28  29  91 172 175 176 175 172
 167 171 173 175 170  92  34  34  32  31  90 169 176 176 177 173
 165 170 171 172 169  91  34  34  34  33  91 173 177 176 176 173
 163 169 170 170 167  89  39  35  36  35  93 172 176 176 176 173
 162 165 169 170 168 114  85  79  79  80 110 154 157 158 155 157
 164 166 167 167 168 165 164 167 166 166 140  62  57  55  54  51
 162 166 166 167 168 169 169 172 172 171 142  49  41  39  36  35
 164 166 167 166 167 167 167 169 168 169 143  49  41  39  39  37
 165 169 169 168 168 168 168 167 167 168 137  42  35  38  38  34
 167 169 169 170 168 167 168 169 165 165 136  40  33  35  35  36
 164 167 168 169 167  95  29  29  29  30  30  29  30  29  30  29
 169 176 177 176 172  97  28  28  30  32  30  28  29  31  29  29
 168 174 175 175 172  96  29  28  32  32  28  28  29  33  32  30
 171 175 176 175 172  95  31  31  31  34  31  31  28  30  30  32
 174 178 179 179 174  97  33  33  32  33  33  37  34  36  37  39
 173 179 180 181 175  97  34  34  33  33  75 136 139 140 138 135
 172 178 180 181 176  98  39  37  36  35  96 175 180 180 180 177
 171 177 178 180 178  98  42  39  38  37  99 176 181 182 182 177
 170 176 178 178 174  99  43  41  40  40  99 178 182 182 183 177
 170 175 177 176 172  96  44  41  41  43 103 179 183 183 184 180
 169 173 173 175 173 122  91  90  89  90 121 160 162 163 163 161
 169 172 172 174 175 172 171 173 172 173 147  68  61  61  59  58
 168 172 173 172 173 174 175 176 177 178 150  55  45  44  43  42
 170 172 172 172 173 173 174 176 177 177 149  55  47  45  44  43
 171 175 174 174 174 174 175 175 175 175 144  49  43  43  44  43
 172 173 176 176 175 174 176 175 173 174 143  47  37  39  42  42
 159 162 164 165 162  93  25  23  24  25  24  23  25  22  22  25
 164 169 169 171 167  94  25  23  24  26  25  23  24  25  23  25
 164 168 168 170 166  94  27  25  28  26  24  23  24  27  27  25
 167 171 171 172 167  93  28  25  27  28  26  26  24  25  25  26
 168 173 173 172 168  94  29  28  28  27  28  32  31  31  32  33
 168 174 175 174 171  94  32  29  29  28  70 131 135 135 136 134
 167 174 174 174 171  97  34  32  31  30  92 171 175 176 176 173
 167 171 173 175 170  97  36  33  33  32  94 171 177 177 177 173
 165 170 170 172 169  94  36  36  34  34  94 173 178 178 178 174
 164 170 171 172 168  92  40  37  36  37  98 174 178 178 179 175
 163 168 169 169 167 117  87  84  84  85 116 154 157 159 158 157
 164 167 167 167 168 165 166 166 167 167 142  64  58  56  55  56
 163 167 167 168 168 170 171 172 173 173 145  50  41  39  38  37
 164 168 168 167 168 169 169 171 172 172 145  50  42  41  40  39
 166 170 170 170 171 170 170 171 171 171 140  45  38  39  40  38
 167 169 169 169 169 169 169 170 168 168 138  42  32  35  37  38

