   8  46  77  79  68  18   5   5   4   4   5   4   4   4   4   4
   9 159 229 229 216  69   5   5   4   4   4   3   3   3   3   3
   9 168 243 242 233  78   5   5   3   2   3   3   3   3   3   4
   8 163 242 241 229  64   5   5   3   4   3   4   3   4   3   4
   7 104 177 174 158  41   5   3   2   3   3   3   3   4   4   3
   5   7  10   8   5   7   5   3   3   3   3   4   3   4   4   4
   5   5   6   5   5   5   5   5   6   6   6   8   8   6   6   6
   5   4   6   6   4   3   4  20 116 133 133 137 134 125 111  27
   5   5   6   5   4   5   4  57 219 237 235 237 237 235 217  52
   5   5   7   6   4   5   5  54 220 241 241 240 238 239 213  48
   5  52  87  77  71  16   5  53 221 242 240 240 238 239 212  47
   5 166 232 231 218  66   5  52 220 242 239 239 238 237 212  49
   7 174 243 243 230  71   5  49 218 241 240 240 239 238 213  50
   8 170 242 243 230  72   6  48 216 242 238 238 237 236 211  51
   8 101 159 173 157  45   6  32 143 170 163 160 159 158 138  32
   7   9  12   8   8   6   7   5   7  18  20  19  16  17  15  10
  12  48  79  79  68  20   8   8   9   8   8   8   9   8   9   9
  15 162 227 228 214  75   9   9   9   9   9   8   8   8   8   9
  15 177 243 244 231  83   9   9   8   8   8   8   8   8   8   9
  14 173 242 242 228  74   9   9   8   7   8   9   8   8   8   9
  12 116 188 185 169  52  10   8   8   8   8   8   9   8   8   9
   9  13  19  16  14  11   9   8   8   8   8   8   9   8   8   9
  10   9  11   9   9   9   9   9   9  10  11  11  11   9   9   9
   9   9  10   8   9   8   9  26 117 135 135 138 139 128 112  29
   9   9  10   9   9   9   9  69 220 236 238 237 238 236 216  59
   9   9  11   9   9   8  10  67 224 243 241 240 242 240 215  54
  10  58  91  81  75  20  10  67 223 243 242 241 241 240 212  54
  13 170 232 230 214  73  10  64 222 242 241 241 240 239 212  55
  14 179 244 244 230  79  10  61 220 242 242 241 240 239 213  56
  15 175 242 243 230  80  11  58 218 242 240 239 239 239 212  58
  13 110 169 183 168  53  11  42 155 182 179 177 176 173 150  42
  11  15  18  16  15  11  12  10  13  25  26  26  25  23  20  15
   9  42  67  70  59  19   7   6   4   5   6   5   4   5   4   4
  12 155 217 219 203  70   7   5   4   4   4   4   4   5   4   4
  13 173 239 238 226  80   6   5   4   3   4   4   4   4   4   4
  12 169 238 238 223  71   5   5   4   3   4   4   4   5   4   4
   8 115 188 186 169  51   6   4   3   4   4   4   3   5   4   4
   5  10  18  15  12  10   5   4   3   3   4   5   3   4   4   4
   6   5   7   6   5   6   5   4   5   6   6   7   6   5   5   5
   5   4   7   5   4   4   4  23 101 116 120 122 121 111  98  25
   5   4   7   5   4   5   4  66 213 230 230 230 228 229 207  56
   5   5   7   6   4   6   5  64 217 236 237 237 234 236 210  52
   6  47  77  67  63  15   6  63 218 237 237 238 236 236 209  52
  10 162 222 220 204  69   6  61 217 237 237 236 236 236 208  54
  12 175 238 239 224  77   7  58 217 237 236 237 236 235 209  55
  12 174 239 239 223  79   7  56 216 237 236 236 236 234 208  55
  10 109 169 183 168  52   7  39 155 181 180 178 175 173 151  40
   7  12  18  15  12   8   8   6  10  21  24  25  24  24  20  12

   4   3   4   4   3   4   6  27  52  48  47  49  50  51  32  10
   4   3   3   3   4   4   6 111 217 213 212 212 213 211 138  15
   4   3   3   4   4   4   6 125 235 239 239 237 238 236 158  17
   4   3   3   3   3   3   8 134 237 238 238 238 239 237 159  16
   4   3   3   4   3   4   8 137 237 240 240 239 240 238 160  19
   5   4   3   3   3   3   6 133 235 241 240 239 240 238 163  20
   4   4   2   4   3   3   6 133 237 241 242 242 241 242 170  18
   4   4   3   3   2   3   6 116 219 220 221 220 218 216 143   7
   5   5   5   5   3   3   5  20  57  54  53  52  49  48  32   5
   5   5   5   5   5   5   5   4   4   5   5   5   5   6   6   7
  18  69  78  64  41   7   5   3   5   5  16  66  71  72  45   6
  68 216 233 229 158   5   5   4   4   4  71 218 230 230 157   8
  79 229 242 241 174   8   5   6   5   6  77 231 243 243 173   8
  77 229 243 242 177  10   6   6   6   7  87 232 243 242 159  12
  46 159 168 163 104   7   5   4   5   5  52 166 174 170 101   9
   8   9   9   8   7   5   5   5   5   5   5   5   7   8   8   7
   9   9   9   9   9   9   9  29  59  54  54  55  56  58  42  15
   9   8   8   8   8   8   9 112 216 215 212 212 213 212 150  20
   8   8   8   8   8   8   9 128 236 240 240 239 239 239 173  23
   9   8   8   8   9   9  11 139 238 242 241 240 240 239 176  25
   8   8   8   9   8   8  11 138 237 240 241 241 241 239 177  26
   8   9   8   8   8   8  11 135 238 241 242 241 242 240 179  26
   8   9   8   7   8   8  10 135 236 243 243 242 242 242 182  25
   9   9   8   8   8   8   9 117 220 224 223 222 220 218 155  13
   8   9   9   9   8   8   9  26  69  67  67  64  61  58  42  10
   8   9   9   9  10   9   9   9   9  10  10  10  10  11  11  12
  20  75  83  74  52  11   9   8   9   8  20  73  79  80  53  11
  68 214 231 228 169  14   9   9   9   9  75 214 230 230 168  15
  79 228 244 242 185  16   9   8   9   9  81 230 244 243 183  16
  79 227 243 242 188  19  11  10  10  11  91 232 244 242 169  18
  48 162 177 173 116  13   9   9   9   9  58 170 179 175 110  15
  12  15  15  14  12   9  10   9   9   9  10  13  14  15  13  11
   4   4   4   4   4   4   5  25  56  52  52  54  55  55  40  12
   4   4   4   4   4   4   5  98 207 210 209 208 209 208 151  20
   5   5   4   5   5   4   5 111 229 236 236 236 235 234 173  24
   4   4   4   4   3   3   6 121 228 234 236 236 236 236 175  24
   5   4   4   4   4   5   7 122 230 237 238 236 237 236 178  25
   6   4   4   4   4   4   6 120 230 237 237 237 236 236 180  24
   5   4   3   3   4   3   6 116 230 236 237 237 237 237 181  21
   4   4   4   4   3   3   5 101 213 217 218 217 217 216 155  10
   6   5   5   5   4   4   4  23  66  64  63  61  58  56  39   6
   7   7   6   5   6   5   5   4   4   5   6   6   7   7   7   8
  19  70  80  71  51  10   6   4   5   6  15  69  77  79  52   8
  59 203 226 223 169  12   5   4   4   4  63 204 224 223 168  12
  70 219 238 238 186  15   6   5   5   6  67 220 239 239 183  15
  67 217 239 238 188  18   7   7   7   7  77 222 238 239 169  18
  42 155 173 169 115  10   5   4   4   5  47 162 175 174 109  12
   9  12  13  12   8   5   6   5   5   5   6  10  12  12  10   7

  10  15  17  16  19  20  18   7   5   7   6   8   8  12   9   7
  32 138 158 159 160 163 170 143  32   6  45 157 173 159 101   8
  51 211 236 237 238 238 242 216  48   6  72 230 243 242 170   8
  50 213 238 239 240 240 241 218  49   5  71 230 243 243 174   7
  49 212 237 238 239 239 242 220  52   5  66 218 231 232 166   5
  47 212 239 238 240 240 242 221  53   5  16  71  77  87  52   5
  48 213 239 238 240 241 241 220  54   5   5   4   6   7   5   5
  52 217 235 237 237 235 237 219  57   4   5   4   5   6   5   5
  27 111 125 134 137 133 133 116  20   4   3   4   6   6   4   5
   6   6   6   8   8   6   6   6   5   5   5   5   5   6   5   5
   4   4   4   3   4   3   3   3   3   5   7   5   8  10   7   5
   3   4   4   3   3   3   3   2   3   5  41 158 174 177 104   7
   4   3   4   3   4   3   4   3   5   5  64 229 241 242 163   8
   4   3   3   3   3   3   2   3   5   5  78 233 242 243 168   9
   3   3   3   3   3   4   4   4   5   5  69 216 229 229 159   9
   4   4   4   4   4   5   4   4   5   5  18  68  79  77  46   8
  15  20  23  25  26  26  25  13  10  12  11  15  16  18  15  11
  42 150 173 176 177 179 182 155  42  11  53 168 183 169 110  13
  58 212 239 239 239 240 242 218  58  11  80 230 243 242 175  15
  56 213 239 240 241 242 242 220  61  10  79 230 244 244 179  14
  55 212 239 240 241 241 242 222  64  10  73 214 230 232 170  13
  54 212 240 241 241 242 243 223  67  10  20  75  81  91  58  10
  54 215 240 242 240 241 243 224  67  10   8   9   9  11   9   9
  59 216 236 238 237 238 236 220  69   9   9   9   9  10   9   9
  29 112 128 139 138 135 135 117  26   9   8   9   8  10   9   9
   9   9   9  11  11  11  10   9   9   9   9   9   9  11   9  10
   9   8   8   9   8   8   8   8   8   9  11  14  16  19  13   9
   9   8   8   9   8   8   8   8   8  10  52 169 185 188 116  12
   9   8   8   8   9   8   7   8   9   9  74 228 242 242 173  14
   9   8   8   8   8   8   8   8   9   9  83 231 244 243 177  15
   9   8   8   8   8   9   9   9   9   9  75 214 228 227 162  15
   9   9   8   9   8   8   8   9   8   8  20  68  79  79  48  12
  12  20  24  24  25  24  21  10   6   8   8  12  15  18  12   7
  40 151 173 175 178 180 181 155  39   7  52 168 183 169 109  10
  55 208 234 236 236 236 237 216  56   7  79 223 239 239 174  12
  55 209 235 236 237 236 237 217  58   7  77 224 239 238 175  12
  54 208 236 236 236 237 237 217  61   6  69 204 220 222 162  10
  52 209 236 236 238 237 237 218  63   6  15  63  67  77  47   6
  52 210 236 234 237 237 236 217  64   5   6   4   6   7   5   5
  56 207 229 228 230 230 230 213  66   4   5   4   5   7   4   5
  25  98 111 121 122 120 116 101  23   4   4   4   5   7   4   5
   5   5   5   6   7   6   6   5   4   5   6   5   6   7   5   6
   4   4   4   3   5   4   3   3   4   5  10  12  15  18  10   5
   4   4   5   3   4   4   4   3   4   6  51 169 186 188 115   8
   4   4   5   4   4   4   3   4   5   5  71 223 238 238 169  12
   4   4   4   4   4   4   3   4   5   6  80 226 238 239 173  13
   4   4   5   4   4   4   4   4   5   7  70 203 219 217 155  12
   4   4   5   4   5   6   5   4   6   7  19  59  70  67  42   9

   7   8   8   7   5   5   5   5   5   5   5   7   8   9   9   8
   9 101 170 174 166  52   5   5   4   5   7 104 163 168 159  46
  12 159 242 243 232  87   7   6   6   6  10 177 242 243 229  77
   8 173 243 243 231  77   6   5   6   5   8 174 241 242 229  79
   8 157 230 230 218  71   4   4   4   5   5 158 229 233 216  68
   6  45  72  71  66  16   5   5   3   5   7  41  64  78  69  18
   7   6   6   5   5   5   5   4   4   5   5   5   5   5   5   5
   5  32  48  49  52  53  54  57  20   5   3   3   5   5   5   5
   7 143 216 218 220 221 220 219 116   6   3   2   3   3   4   4
  18 170 242 241 242 242 241 237 133   6   3   3   4   2   4   4
  20 163 238 240 239 240 241 235 133   6   3   3   3   3   4   5
  19 160 238 240 239 240 240 237 137   8   4   3   4   3   3   4
  16 159 237 239 238 238 238 237 134   8   3   3   3   3   3   4
  17 158 236 238 237 239 239 235 125   6   4   4   4   3   3   4
  15 138 211 213 212 212 213 217 111   6   4   4   3   3   3   4
  10  32  51  50  49  47  48  52  27   6   4   3   4   4   3   4
  11  13  15  14  13  10   9   9   9  10   9  12  14  15  15  12
  15 110 175 179 170  58   9   9   9   9  13 116 173 177 162  48
  18 169 242 244 232  91  11  10  10  11  19 188 242 243 227  79
  16 183 243 244 230  81   9   9   8   9  16 185 242 244 228  79
  15 168 230 230 214  75   9   9   9   9  14 169 228 231 214  68
  11  53  80  79  73  20   8   9   8   9  11  52  74  83  75  20
  12  11  11  10  10  10  10   9   9   9   9  10   9   9   9   8
  10  42  58  61  64  67  67  69  26   9   8   8   9   9   9   8
  13 155 218 220 222 223 224 220 117   9   8   8   8   8   9   9
  25 182 242 242 242 243 243 236 135  10   8   8   7   8   9   8
  26 179 240 242 241 242 241 238 135  11   8   8   8   8   9   8
  26 177 239 241 241 241 240 237 138  11   8   8   9   8   8   8
  25 176 239 240 240 241 242 238 139  11   9   9   8   8   8   9
  23 173 239 239 239 240 240 236 128   9   8   8   8   8   8   8
  20 150 212 213 212 212 215 216 112   9   8   8   8   8   8   9
  15  42  58  56  55  54  54  59  29   9   9   9   9   9   9   9
   7  10  12  12  10   6   5   5   5   6   5   8  12  13  12   9
  12 109 174 175 162  47   5   4   4   5  10 115 169 173 155  42
  18 169 239 238 222  77   7   7   7   7  18 188 238 239 217  67
  15 183 239 239 220  67   6   5   5   6  15 186 238 238 219  70
  12 168 223 224 204  63   4   4   4   5  12 169 223 226 203  59
   8  52  79  77  69  15   6   5   4   6  10  51  71  80  70  19
   8   7   7   7   6   6   5   4   4   5   5   6   5   6   7   7
   6  39  56  58  61  63  64  66  23   4   4   4   5   5   5   6
  10 155 216 217 217 218 217 213 101   5   3   3   4   4   4   4
  21 181 237 237 237 237 236 230 116   6   3   4   3   3   4   5
  24 180 236 236 237 237 237 230 120   6   4   4   4   4   4   6
  25 178 236 237 236 238 237 230 122   7   5   4   4   4   4   5
  24 175 236 236 236 236 234 228 121   6   3   3   4   4   4   4
  24 173 234 235 236 236 236 229 111   5   4   5   5   4   5   5
  20 151 208 209 208 209 210 207  98   5   4   4   4   4   4   4
  12  40  55  55  54  52  52  56  25   5   4   4   4   4   4   4

