   1   0   0   0   0   0   0   1  25  32  35  22   2   0   0   0
   0   0   0   0   0   0   0  40 157 164 166 101   3   0   0   0
   0   0   0   0   0   0   0  44 172 181 183 112   4   0   0   0
   0   0   0   0   0   0   0  40 172 181 181 113   3   0   0   0
   0   0   0   0   0   0   0  26 116 128 127  72   2   0   0   0
   0   0   0   0   0   0   0   0   7   8   6   3   0   0   0   0
   0   0   0   0   0   0   0   0   0   1   1   2   0   0   0   0
   0   0   0   0   0   0   0  21  93 102 100  52   1   0   0   0
   0   0   0   0   0   0   0  53 169 179 178 108   4   0   0   0
   0   0   0   0   0   0   0  53 169 180 179 107   6   2   0   0
   0   0   0   0   0   0   0  50 167 181 179 127  49  48  39   3
   0   0   0   0   0   0   0  48 171 180 179 174 170 170 136   9
   0   0   0   0   0   0   0  43 171 179 178 177 178 179 147  12
   0   0   0   0   0   0   0  45 169 177 177 176 176 174 144  11
   1   0   0   0   0   0   0  27 101 107 108 106 104 110  77   5
   1   0   0   0   0   0   0   0   2   5   5   4   4   5   2   0
   4   4   3   3   3   3   3   5  27  34  37  23   5   5   4   3
   4   3   3   2   3   3   3  45 155 162 162 101   6   4   3   3
   3   2   2   2   3   3   3  50 172 181 180 112   7   3   3   2
   3   2   2   2   4   3   3  47 171 181 180 113   7   3   2   2
   3   2   2   2   3   4   4  31 121 134 134  77   6   3   3   3
   3   3   2   2   3   3   3   5  13  14  12   8   4   3   2   3
   2   3   2   2   3   3   3   4   6   6   5   5   3   3   3   3
   3   4   3   2   3   3   3  25  91 103  99  52   4   4   3   3
   3   4   2   3   2   3   3  58 167 176 175 108   5   4   3   3
   3   3   3   3   2   2   3  60 170 180 179 108   7   4   3   3
   3   3   2   3   2   2   3  59 169 181 178 126  49  48  40   5
   3   3   4   2   3   3   3  57 170 180 179 172 168 166 135  11
   3   3   3   3   3   3   3  53 169 178 178 177 178 177 147  14
   4   3   3   3   3   3   3  53 169 177 177 176 176 175 144  14
   5   4   3   4   3   3   3  31 105 112 115 113 110 116  84  10
   5   4   4   4   4   3   4   4   6  10  10  10  10   8   7   5
   1   0   0   0   0   0   0   1  18  22  24  17   2   0   0   0
   0   0   0   0   0   0   0  40 144 150 150  92   4   0   0   0
   0   0   0   0   0   0   0  46 163 173 172 107   6   0   0   0
   0   0   0   0   0   0   0  42 163 171 170 109   4   0   0   0
   0   0   0   0   0   0   0  26 117 132 132  75   4   0   0   0
   0   0   0   0   0   0   0   1   9  11  10   6   0   0   0   0
   0   0   0   0   0   0   0   0   0   0   1   1   0   0   0   0
   0   0   0   0   0   0   0  18  78  87  85  45   1   0   0   0
   0   0   0   0   0   0   0  52 157 166 164 102   4   0   0   0
   0   0   0   0   0   0   0  54 161 171 169 102   5   0   0   0
   0   0   0   0   0   0   0  53 161 171 169 118  40  39  32   1
   0   0   0   0   0   0   0  53 163 173 172 164 158 155 126   9
   0   0   0   0   0   0   0  49 163 172 172 171 170 169 140  12
   0   0   0   0   0   0   0  48 164 172 172 172 171 169 141  13
   1   0   0   0   0   0   0  28 103 112 115 114 110 115  83   8
   1   0   0   0   0   0   0   1   4   7   8   7   7   7   4   0

   0   0   0   0   0   0   0   0   0   0   3   9  12  11   5   0
   0   0   0   0   0   0   0   0   0   0  39 136 147 144  77   2
   0   0   0   0   0   0   0   0   0   2  48 170 179 174 110   5
   2   3   4   3   2   0   0   1   4   6  49 170 178 176 104   4
  22 101 112 113  72   3   2  52 108 107 127 174 177 176 106   4
  35 166 183 181 127   6   1 100 178 179 179 179 178 177 108   5
  32 164 181 181 128   8   1 102 179 180 181 180 179 177 107   5
  25 157 172 172 116   7   0  93 169 169 167 171 171 169 101   2
   1  40  44  40  26   0   0  21  53  53  50  48  43  45  27   0
   0   0   0   0   0   0   0   0   0   0   0   0   0   0   0   0
   0   0   0   0   0   0   0   0   0   0   0   0   0   0   0   0
   0   0   0   0   0   0   0   0   0   0   0   0   0   0   0   0
   0   0   0   0   0   0   0   0   0   0   0   0   0   0   0   0
   0   0   0   0   0   0   0   0   0   0   0   0   0   0   0   0
   0   0   0   0   0   0   0   0   0   0   0   0   0   0   0   0
   1   0   0   0   0   0   0   0   0   0   0   0   0   0   1   1
   3   3   2   2   3   3   3   3   3   3   5  11  14  14  10   5
   4   3   3   2   3   2   3   3   3   3  40 135 147 144  84   7
   5   4   3   3   3   3   3   4   4   4  48 166 177 175 116   8
   5   6   7   7   6   4   3   4   5   7  49 168 178 176 110  10
  23 101 112 113  77   8   5  52 108 108 126 172 177 176 113  10
  37 162 180 180 134  12   5  99 175 179 178 179 178 177 115  10
  34 162 181 181 134  14   6 103 176 180 181 180 178 177 112  10
  27 155 172 171 121  13   6  91 167 170 169 170 169 169 105   6
   5  45  50  47  31   5   4  25  58  60  59  57  53  53  31   4
   3   3   3   3   4   3   3   3   3   3   3   3   3   3   3   4
   3   3   3   3   4   3   3   3   3   2   2   3   3   3   3   3
   3   3   3   4   3   3   3   3   2   2   2   3   3   3   3   4
   3   2   2   2   2   2   2   2   3   3   3   2   3   3   4   4
   3   3   2   2   2   2   2   3   2   3   2   4   3   3   3   4
   4   3   2   2   2   3   3   4   4   3   3   3   3   3   4   4
   4   4   3   3   3   3   2   3   3   3   3   3   3   4   5   5
   0   0   0   0   0   0   0   0   0   0   1   9  12  13   8   0
   0   0   0   0   0   0   0   0   0   0  32 126 140 141  83   4
   0   0   0   0   0   0   0   0   0   0  39 155 169 169 115   7
   2   4   6   4   4   0   0   1   4   5  40 158 170 171 110   7
  17  92 107 109  75   6   1  45 102 102 118 164 171 172 114   7
  24 150 172 170 132  10   1  85 164 169 169 172 172 172 115   8
  22 150 173 171 132  11   0  87 166 171 171 173 172 172 112   7
  18 144 163 163 117   9   0  78 157 161 161 163 163 164 103   4
   1  40  46  42  26   1   0  18  52  54  53  53  49  48  28   1
   0   0   0   0   0   0   0   0   0   0   0   0   0   0   0   0
   0   0   0   0   0   0   0   0   0   0   0   0   0   0   0   0
   0   0   0   0   0   0   0   0   0   0   0   0   0   0   0   0
   0   0   0   0   0   0   0   0   0   0   0   0   0   0   0   0
   0   0   0   0   0   0   0   0   0   0   0   0   0   0   0   0
   0   0   0   0   0   0   0   0   0   0   0   0   0   0   0   0
   1   0   0   0   0   0   0   0   0   0   0   0   0   0   1   1

   0   2   5   4   4   5   5   2   0   0   0   0   0   0   0   1
   5  77 110 104 106 108 107 101  27   0   0   0   0   0   0   1
  11 144 174 176 176 177 177 169  45   0   0   0   0   0   0   0
  12 147 179 178 177 178 179 171  43   0   0   0   0   0   0   0
   9 136 170 170 174 179 180 171  48   0   0   0   0   0   0   0
   3  39  48  49 127 179 181 167  50   0   0   0   0   0   0   0
   0   0   2   6 107 179 180 169  53   0   0   0   0   0   0   0
   0   0   0   4 108 178 179 169  53   0   0   0   0   0   0   0
   0   0   0   1  52 100 102  93  21   0   0   0   0   0   0   0
   0   0   0   0   2   1   1   0   0   0   0   0   0   0   0   0
   0   0   0   0   3   6   8   7   0   0   0   0   0   0   0   0
   0   0   0   2  72 127 128 116  26   0   0   0   0   0   0   0
   0   0   0   3 113 181 181 172  40   0   0   0   0   0   0   0
   0   0   0   4 112 183 181 172  44   0   0   0   0   0   0   0
   0   0   0   3 101 166 164 157  40   0   0   0   0   0   0   0
   0   0   0   2  22  35  32  25   1   0   0   0   0   0   0   1
   5   7   8  10  10  10  10   6   4   4   3   4   4   4   4   5
  10  84 116 110 113 115 112 105  31   3   3   3   4   3   4   5
  14 144 175 176 176 177 177 169  53   3   3   3   3   3   3   4
  14 147 177 178 177 178 178 169  53   3   3   3   3   3   3   3
  11 135 166 168 172 179 180 170  57   3   3   3   2   4   3   3
   5  40  48  49 126 178 181 169  59   3   2   2   3   2   3   3
   3   3   4   7 108 179 180 170  60   3   2   2   3   3   3   3
   3   3   4   5 108 175 176 167  58   3   3   2   3   2   4   3
   3   3   4   4  52  99 103  91  25   3   3   3   2   3   4   3
   3   3   3   3   5   5   6   6   4   3   3   3   2   2   3   2
   3   2   3   4   8  12  14  13   5   3   3   3   2   2   3   3
   3   3   3   6  77 134 134 121  31   4   4   3   2   2   2   3
   2   2   3   7 113 180 181 171  47   3   3   4   2   2   2   3
   2   3   3   7 112 180 181 172  50   3   3   3   2   2   2   3
   3   3   4   6 101 162 162 155  45   3   3   3   2   3   3   4
   3   4   5   5  23  37  34  27   5   3   3   3   3   3   4   4
   0   4   7   7   7   8   7   4   1   0   0   0   0   0   0   1
   8  83 115 110 114 115 112 103  28   0   0   0   0   0   0   1
  13 141 169 171 172 172 172 164  48   0   0   0   0   0   0   0
  12 140 169 170 171 172 172 163  49   0   0   0   0   0   0   0
   9 126 155 158 164 172 173 163  53   0   0   0   0   0   0   0
   1  32  39  40 118 169 171 161  53   0   0   0   0   0   0   0
   0   0   0   5 102 169 171 161  54   0   0   0   0   0   0   0
   0   0   0   4 102 164 166 157  52   0   0   0   0   0   0   0
   0   0   0   1  45  85  87  78  18   0   0   0   0   0   0   0
   0   0   0   0   1   1   0   0   0   0   0   0   0   0   0   0
   0   0   0   0   6  10  11   9   1   0   0   0   0   0   0   0
   0   0   0   4  75 132 132 117  26   0   0   0   0   0   0   0
   0   0   0   4 109 170 171 163  42   0   0   0   0   0   0   0
   0   0   0   6 107 172 173 163  46   0   0   0   0   0   0   0
   0   0   0   4  92 150 150 144  40   0   0   0   0   0   0   0
   0   0   0   2  17  24  22  18   1   0   0   0   0   0   0   1

   1   1   0   0   0   0   0   0   0   0   0   0   0   0   0   1
   0   0   0   0   0   0   0   0   0   0   0   0   0   0   0   0
   0   0   0   0   0   0   0   0   0   0   0   0   0   0   0   0
   0   0   0   0   0   0   0   0   0   0   0   0   0   0   0   0
   0   0   0   0   0   0   0   0   0   0   0   0   0   0   0   0
   0   0   0   0   0   0   0   0   0   0   0   0   0   0   0   0
   0   0   0   0   0   0   0   0   0   0   0   0   0   0   0   0
   0  27  45  43  48  50  53  53  21   0   0  26  40  44  40   1
   2 101 169 171 171 167 169 169  93   0   7 116 172 172 157  25
   5 107 177 179 180 181 180 179 102   1   8 128 181 181 164  32
   5 108 177 178 179 179 179 178 100   1   6 127 181 183 166  35
   4 106 176 177 174 127 107 108  52   2   3  72 113 112 101  22
   4 104 176 178 170  49   6   4   1   0   0   2   3   4   3   2
   5 110 174 179 170  48   2   0   0   0   0   0   0   0   0   0
   2  77 144 147 136  39   0   0   0   0   0   0   0   0   0   0
   0   5  11  12   9   3   0   0   0   0   0   0   0   0   0   0
   5   5   4   3   3   3   3   3   3   2   3   3   3   3   4   4
   4   4   3   3   3   3   3   4   4   3   3   2   2   2   3   4
   4   3   3   3   4   2   3   2   3   2   2   2   2   2   3   3
   4   4   3   3   2   3   3   3   2   2   2   2   2   2   2   3
   4   3   3   3   3   2   2   2   3   3   3   3   4   3   3   3
   3   3   3   3   3   2   2   3   3   3   3   4   3   3   3   3
   4   3   3   3   3   3   3   3   3   3   3   4   3   3   3   3
   4  31  53  53  57  59  60  58  25   4   5  31  47  50  45   5
   6 105 169 169 170 169 170 167  91   6  13 121 171 172 155  27
  10 112 177 178 180 181 180 176 103   6  14 134 181 181 162  34
  10 115 177 178 179 178 179 175  99   5  12 134 180 180 162  37
  10 113 176 177 172 126 108 108  52   5   8  77 113 112 101  23
  10 110 176 178 168  49   7   5   4   3   4   6   7   7   6   5
   8 116 175 177 166  48   4   4   4   3   3   3   3   3   4   5
   7  84 144 147 135  40   3   3   3   3   2   3   2   3   3   4
   5  10  14  14  11   5   3   3   3   3   3   3   2   2   3   3
   1   1   0   0   0   0   0   0   0   0   0   0   0   0   0   1
   0   0   0   0   0   0   0   0   0   0   0   0   0   0   0   0
   0   0   0   0   0   0   0   0   0   0   0   0   0   0   0   0
   0   0   0   0   0   0   0   0   0   0   0   0   0   0   0   0
   0   0   0   0   0   0   0   0   0   0   0   0   0   0   0   0
   0   0   0   0   0   0   0   0   0   0   0   0   0   0   0   0
   0   0   0   0   0   0   0   0   0   0   0   0   0   0   0   0
   1  28  48  49  53  53  54  52  18   0   1  26  42  46  40   1
   4 103 164 163 163 161 161 157  78   0   9 117 163 163 144  18
   7 112 172 172 173 171 171 166  87   0  11 132 171 173 150  22
   8 115 172 172 172 169 169 164  85   1  10 132 170 172 150  24
   7 114 172 171 164 118 102 102  45   1   6  75 109 107  92  17
   7 110 171 170 158  40   5   4   1   0   0   4   4   6   4   2
   7 115 169 169 155  39   0   0   0   0   0   0   0   0   0   0
   4  83 141 140 126  32   0   0   0   0   0   0   0   0   0   0
   0   8  13  12   9   1   0   0   0   0   0   0   0   0   0   0

