   5   5   5   4   3   2   1   1   3   2   4   4   6   5   5   5
   3  81 147 150 141  52   1   0   1   1   3  87 136 139 119  27
   5 124 214 218 205  77   2   0   1   1   4 152 214 215 190  56
   4 125 219 218 205  77   2   0   1   1   4 152 213 214 193  56
   4 111 193 195 187  70   3   2   2   3   3 143 199 200 180  54
   5  29  54  55  50  12   2   2   2   1   1  32  49  49  42  10
   5   6   6   5   3   3   2   1   2   1   2   4   5   4   3   3
   7  31  50  53  53  53  53  53  21   4   3  23  36  32  25   5
   5 107 193 198 196 197 198 195  96   5   5 133 194 196 172  50
   4 126 216 221 221 220 218 216 113   7   6 151 212 213 192  58
   3 125 219 222 221 220 220 218 112   7   5 150 212 213 194  62
   5  86 170 173 174 173 171 171  81   6   4 160 214 215 195  48
   3   5   4   4   2   2   2  14   9   5   4 162 214 215 194  47
   4   3   1   1   2   3   4   3   4   5   4 162 212 215 196  44
   4   1   1   2   3   2   3   2   5   5   3 146 195 199 177  40
   4   3   2   2   3   3   4   4   4   4   5  31  46  59  51  11
   7   8   9  11   9   7   6   6   8   7   9  11  13  12  11   9
   8  88 145 149 138  53   6   6   7   7  12  94 138 141 120  30
   9 129 206 208 193  75   6   5   6   6  14 154 206 207 182  53
  10 131 208 210 196  74   7   6   6   6  13 158 208 207 183  55
   9 116 186 189 178  67   7   7   7   6  12 145 193 193 172  52
   8  34  58  59  56  17   6   6   7   6   8  39  57  56  48  11
   7   7   8   8   8   7   7   7   7   6   7   8   9   9   7   7
   8  35  59  61  61  62  62  61  26   9   9  31  44  39  30  10
   9 114 187 188 189 189 189 187  92   9  13 137 188 188 166  51
  10 130 211 212 213 213 212 208 107   9  14 155 209 210 186  58
  10 131 212 212 213 212 211 208 108   9  15 156 209 210 186  61
   8  90 164 167 168 167 168 164  79   9  15 166 209 210 187  45
   7   8   7   7   8   9   9  20  13   9  14 166 210 210 187  44
   6   6   5   6   6   7   8   8   9   9  14 166 210 211 187  44
   6   6   6   6   8   8   8   8   9   9  12 149 191 192 170  40
   6   7   8   8   8   8   9   9   9   9   9  35  51  65  56  14
   3   4   5   6   4   2   2   2   4   3   4   7   9   8   6   5
   5  83 137 140 128  40   1   1   2   2   7  90 131 133 110  21
   6 125 194 193 176  61   2   1   2   2  10 149 194 191 163  39
   6 127 196 192 177  59   2   1   2   2  10 151 194 193 165  39
   6 111 174 173 160  53   2   3   3   3   9 138 178 178 154  39
   4  30  52  52  48  11   2   2   3   2   3  35  51  50  41   7
   3   4   4   4   4   3   3   2   2   2   3   4   5   4   4   3
   5  33  55  57  57  58  57  56  20   4   5  27  39  34  25   5
   5 109 176 176 177 177 177 173  77   4   9 132 177 176 152  39
   6 127 197 196 196 196 195 189  89   4  11 149 194 195 167  44
   6 128 196 194 195 195 195 191  90   4  12 151 196 195 168  48
   5  87 154 152 154 153 154 150  65   4  11 161 195 195 169  37
   3   5   4   3   3   3   3  17   9   5  11 161 197 196 169  35
   3   3   2   2   3   4   4   4   4   5  10 160 195 195 169  34
   2   1   2   2   3   3   4   3   4   5   8 144 176 177 152  30
   3   3   3   3   3   4   4   4   4   4   5  32  46  59  48   9

   5  27  56  56  54  10   3   5  50  58  62  48  47  44  40  11
   5 119 190 193 180  42   3  25 172 192 194 195 194 196 177  51
   5 139 215 214 200  49   4  32 196 213 213 215 215 215 199  59
   6 136 214 213 199  49   5  36 194 212 212 214 214 212 195  46
   4  87 152 152 143  32   4  23 133 151 150 160 162 162 146  31
   4   3   4   4   3   1   2   3   5   6   5   4   4   4   3   5
   2   1   1   1   3   1   1   4   5   7   7   6   5   5   5   4
   3   1   1   1   2   2   2  21  96 113 112  81   9   4   5   4
   1   0   0   0   2   2   1  53 195 216 218 171  14   3   2   4
   1   1   2   2   3   2   2  53 198 218 220 171   2   4   3   4
   2  52  77  77  70  12   3  53 197 220 220 173   2   3   2   3
   3 141 205 205 187  50   3  53 196 221 221 174   2   2   3   3
   4 150 218 218 195  55   5  53 198 221 222 173   4   1   2   2
   5 147 214 219 193  54   6  50 193 216 219 170   4   1   1   2
   5  81 124 125 111  29   6  31 107 126 125  86   5   3   1   3
   5   3   5   4   4   5   5   7   5   4   3   5   3   4   4   4
   9  30  53  55  52  11   7  10  51  58  61  45  44  44  40  14
  11 120 182 183 172  48   7  30 166 186 186 187 187 187 170  56
  12 141 207 207 193  56   9  39 188 210 210 210 210 211 192  65
  13 138 206 208 193  57   9  44 188 209 209 209 210 210 191  51
  11  94 154 158 145  39   8  31 137 155 156 166 166 166 149  35
   9  12  14  13  12   8   7   9  13  14  15  15  14  14  12   9
   7   7   6   6   6   6   6   9   9   9   9   9   9   9   9   9
   8   7   6   6   7   7   7  26  92 107 108  79  13   9   9   9
   6   6   5   6   7   6   7  61 187 208 208 164  20   8   8   9
   6   6   6   7   7   6   7  62 189 212 211 168   9   8   8   9
   7  53  75  74  67  17   7  62 189 213 212 167   9   7   8   8
   9 138 193 196 178  56   8  61 189 213 213 168   8   6   8   8
  11 149 208 210 189  59   8  61 188 212 212 167   7   6   6   8
   9 145 206 208 186  58   8  59 187 211 212 164   7   5   6   8
   8  88 129 131 116  34   7  35 114 130 131  90   8   6   6   7
   7   8   9  10   9   8   7   8   9  10  10   8   7   6   6   6
   5  21  39  39  39   7   3   5  39  44  48  37  35  34  30   9
   6 110 163 165 154  41   4  25 152 167 168 169 169 169 152  48
   8 133 191 193 178  50   4  34 176 195 195 195 196 195 177  59
   9 131 194 194 178  51   5  39 177 194 196 195 197 195 176  46
   7  90 149 151 138  35   4  27 132 149 151 161 161 160 144  32
   4   7  10  10   9   3   3   5   9  11  12  11  11  10   8   5
   3   2   2   2   3   2   2   4   4   4   4   4   5   5   5   4
   4   2   2   2   3   3   2  20  77  89  90  65   9   4   4   4
   2   1   1   1   3   2   2  56 173 189 191 150  17   4   3   4
   2   1   2   2   2   2   3  57 177 195 195 154   3   4   4   4
   2  40  61  59  53  11   3  58 177 196 195 153   3   4   3   4
   4 128 176 177 160  48   4  57 177 196 195 154   3   3   3   3
   6 140 193 192 173  52   4  57 176 196 194 152   3   2   2   3
   5 137 194 196 174  52   4  55 176 197 196 154   4   2   2   3
   4  83 125 127 111  30   4  33 109 127 128  87   5   3   1   3
   3   5   6   6   6   4   3   5   5   6   6   5   3   3   2   3

  11  51  59  46  31   5   4   4   4   4   3   3   2   2   3   4
  40 177 199 195 146   3   5   5   2   3   2   3   2   1   1   4
  44 196 215 212 162   4   5   4   3   4   3   2   1   1   3   4
  47 194 215 214 162   4   5   9  14   2   2   2   4   4   5   3
  48 195 215 214 160   4   6  81 171 171 173 174 173 170  86   5
  62 194 213 212 150   5   7 112 218 220 220 221 222 219 125   3
  58 192 213 212 151   6   7 113 216 218 220 221 221 216 126   4
  50 172 196 194 133   5   5  96 195 198 197 196 198 193 107   5
   5  25  32  36  23   3   4  21  53  53  53  53  53  50  31   7
   3   3   4   5   4   2   1   2   1   2   3   3   5   6   6   5
  10  42  49  49  32   1   1   2   2   2  12  50  55  54  29   5
  54 180 200 199 143   3   3   2   2   3  70 187 195 193 111   4
  56 193 214 213 152   4   1   1   0   2  77 205 218 219 125   4
  56 190 215 214 152   4   1   1   0   2  77 205 218 214 124   5
  27 119 139 136  87   3   1   1   0   1  52 141 150 147  81   3
   5   5   5   6   4   4   2   3   1   1   2   3   4   5   5   5
  14  56  65  51  35   9   9   9   9   9   8   8   8   8   7   6
  40 170 192 191 149  12   9   9   8   8   8   8   6   6   6   6
  44 187 211 210 166  14   9   9   8   8   7   6   6   5   6   6
  44 187 210 210 166  14   9  13  20   9   9   8   7   7   8   7
  45 187 210 209 166  15   9  79 164 168 167 168 167 164  90   8
  61 186 210 209 156  15   9 108 208 211 212 213 212 212 131  10
  58 186 210 209 155  14   9 107 208 212 213 213 212 211 130  10
  51 166 188 188 137  13   9  92 187 189 189 189 188 187 114   9
  10  30  39  44  31   9   9  26  61  62  62  61  61  59  35   8
   7   7   9   9   8   7   6   7   7   7   7   8   8   8   7   7
  11  48  56  57  39   8   6   7   6   6  17  56  59  58  34   8
  52 172 193 193 145  12   6   7   7   7  67 178 189 186 116   9
  55 183 207 208 158  13   6   6   6   7  74 196 210 208 131  10
  53 182 207 206 154  14   6   6   5   6  75 193 208 206 129   9
  30 120 141 138  94  12   7   7   6   6  53 138 149 145  88   8
   9  11  12  13  11   9   7   8   6   6   7   9  11   9   8   7
   9  48  59  46  32   5   4   4   4   4   4   3   3   3   3   3
  30 152 177 176 144   8   5   4   3   4   3   3   2   2   1   2
  34 169 195 195 160  10   5   4   4   4   4   3   2   2   3   3
  35 169 196 197 161  11   5   9  17   3   3   3   3   4   5   3
  37 169 195 195 161  11   4  65 150 154 153 154 152 154  87   5
  48 168 195 196 151  12   4  90 191 195 195 195 194 196 128   6
  44 167 195 194 149  11   4  89 189 195 196 196 196 197 127   6
  39 152 176 177 132   9   4  77 173 177 177 177 176 176 109   5
   5  25  34  39  27   5   4  20  56  57  58  57  57  55  33   5
   3   4   4   5   4   3   2   2   2   3   3   4   4   4   4   3
   7  41  50  51  35   3   2   3   2   2  11  48  52  52  30   4
  39 154 178 178 138   9   3   3   3   2  53 160 173 174 111   6
  39 165 193 194 151  10   2   2   1   2  59 177 192 196 127   6
  39 163 191 194 149  10   2   2   1   2  61 176 193 194 125   6
  21 110 133 131  90   7   2   2   1   1  40 128 140 137  83   5
   5   6   8   9   7   4   3   4   2   2   2   4   6   5   4   3

   4   4   4   3   5   3   4   5   7   5   5   4   4   5   3   5
   3   1   3   5  86 125 126 107  31   6  29 111 125 124  81   5
   2   1   1   4 170 219 216 193  50   6  54 193 219 214 147   5
   2   2   1   4 173 222 221 198  53   5  55 195 218 218 150   4
   3   3   2   2 174 221 221 196  53   3  50 187 205 205 141   3
   3   2   3   2 173 220 220 197  53   3  12  70  77  77  52   2
   4   3   4   2 171 220 218 198  53   2   2   3   2   2   1   1
   4   2   3  14 171 218 216 195  53   1   2   2   0   0   0   1
   4   5   4   9  81 112 113  96  21   2   2   2   1   1   1   3
   4   5   5   5   6   7   7   5   4   1   1   3   1   1   1   2
   5   3   4   4   4   5   6   5   3   2   1   3   4   4   3   4
  31 146 162 162 160 150 151 133  23   4  32 143 152 152  87   4
  46 195 212 214 214 212 212 194  36   5  49 199 213 214 136   6
  59 199 215 215 215 213 213 196  32   4  49 200 214 215 139   5
  51 177 196 194 195 194 192 172  25   3  42 180 193 190 119   5
  11  40  44  47  48  62  58  50   5   3  10  54  56  56  27   5
   6   6   6   7   8  10  10   9   8   7   8   9  10   9   8   7
   7   6   6   8  90 131 130 114  35   7  34 116 131 129  88   8
   8   6   5   7 164 212 211 187  59   8  58 186 208 206 145   9
   8   6   6   7 167 212 212 188  61   8  59 189 210 208 149  11
   8   8   6   8 168 213 213 189  61   8  56 178 196 193 138   9
   8   8   7   9 167 212 213 189  62   7  17  67  74  75  53   7
   9   8   8   9 168 211 212 189  62   7   6   7   7   6   6   6
   9   8   8  20 164 208 208 187  61   7   6   7   6   5   6   6
   9   9   9  13  79 108 107  92  26   7   7   7   6   6   7   8
   9   9   9   9   9   9   9   9   9   6   6   6   6   6   7   7
   9  12  14  14  15  15  14  13   9   7   8  12  13  14  12   9
  35 149 166 166 166 156 155 137  31   8  39 145 158 154  94  11
  51 191 210 210 209 209 209 188  44   9  57 193 208 206 138  13
  65 192 211 210 210 210 210 188  39   9  56 193 207 207 141  12
  56 170 187 187 187 186 186 166  30   7  48 172 183 182 120  11
  14  40  44  44  45  61  58  51  10   7  11  52  55  53  30   9
   3   2   3   3   5   6   6   5   5   3   4   6   6   6   5   3
   3   1   3   5  87 128 127 109  33   4  30 111 127 125  83   4
   3   2   2   4 154 196 197 176  55   4  52 174 196 194 137   5
   3   2   2   3 152 194 196 176  57   4  52 173 192 193 140   6
   3   3   3   3 154 195 196 177  57   4  48 160 177 176 128   4
   4   3   4   3 153 195 196 177  58   3  11  53  59  61  40   2
   4   4   4   3 154 195 195 177  57   3   2   2   2   2   1   2
   4   3   4  17 150 191 189 173  56   2   2   3   1   1   1   2
   4   4   4   9  65  90  89  77  20   2   3   3   2   2   2   4
   4   5   5   5   4   4   4   4   4   2   2   3   2   2   2   3
   5   8  10  11  11  12  11   9   5   3   3   9  10  10   7   4
  32 144 160 161 161 151 149 132  27   4  35 138 151 149  90   7
  46 176 195 197 195 196 194 177  39   5  51 178 194 194 131   9
  59 177 195 196 195 195 195 176  34   4  50 178 193 191 133   8
  48 152 169 169 169 168 167 152  25   4  41 154 165 163 110   6
   9  30  34  35  37  48  44  39   5   3   7  39  39  39  21   5

