 194 195 195 196 198 196 195 193 192 195 198 195 186 194 196 198
 189 194 196 195 197 197 195 196 192 195 197 198 193 195 197 198
 184 194 197 197 194 196 197 196 198 198 196 197 196 197 198 197
 175 198 199 196 196 195 197 197 197 197 196 196 195 196 196 196
 184 196 197 199 198 197 197 195 198 195 193 199 197 197 195 198
 193 195 197 198 198 152  91  84  76 103 112 196 195 194 194 197
 187 195 194 197 196 117  29  26  27  27  47 196 193 194 197 197
 180 197 195 195 194 125  26  24  24  22  65 197 197 197 199 197
 172 198 195 196 196 139  27  24  21  21  56 202 199 198 199 197
 195 197 199 198 196 121  28  28  29  26  45 200 197 198 197 197
 142 138 135 167 162 120  86  96  58  65  86 153 148 180 170 162
  26  31  28  23  25 120 193 197 200 198 186  26  21  26  25  22
  26  26  27  25  23 110 196 198 198 198 196  29  22  25  26  26
  20  25  24  22  25 114 199 197 197 201 192  25  22  19  18  27
  25  25  26  26  25 131 199 198 198 198 181  25  21  19  13  23
  29  24  23  27  24 117 200 198 201 204 197  30  20  22  18  18
 190 191 191 190 193 190 189 187 185 188 192 190 181 189 189 191
 185 190 192 189 192 192 191 190 188 188 190 191 188 188 189 190
 178 190 190 191 187 189 190 190 191 190 190 190 190 189 190 191
 168 191 191 190 188 187 189 189 190 190 190 190 190 190 190 190
 177 189 190 192 189 189 189 190 190 190 190 191 191 191 190 190
 187 190 189 189 189 139  78  73  67  93 103 191 190 188 188 189
 180 190 189 190 189 105  17  22  20  20  35 189 188 188 190 189
 173 190 189 188 187 113  15  19  15  18  55 190 189 189 191 190
 164 189 187 190 190 127  17  16  14  15  42 194 189 189 191 192
 190 189 190 189 189 112  15  19  19  17  30 191 191 189 189 189
 132 130 126 158 155 112  77  89  50  57  78 143 138 170 161 149
  15  23  21  14  16 112 189 189 191 189 178  13  15  15  15  12
  17  19  18  17  14 102 189 191 190 190 188  17  18  19  19  19
  15  16  17  15  16 106 192 192 188 189 182  13  15  12  14  19
  18  18  17  16  16 118 191 191 190 190 172  13  15  14  12  15
  17  17  14  15  14 104 192 191 191 192 187  16  16  17  16  11
 196 195 196 198 198 198 198 196 195 196 199 197 189 195 196 197
 190 194 196 196 200 199 198 198 195 194 196 198 193 194 194 195
 185 197 199 198 194 196 197 197 199 198 194 195 195 194 195 198
 175 199 201 197 194 193 195 196 197 195 194 196 194 195 195 197
 183 196 197 198 197 194 195 195 194 193 193 195 194 196 195 196
 192 195 197 197 198 147  86  80  74 100 108 195 193 194 195 195
 187 196 196 198 196 113  26  25  26  25  43 195 192 193 195 195
 180 196 196 195 193 119  23  23  20  20  63 196 194 195 195 193
 173 196 193 195 195 132  23  22  19  17  50 198 194 194 194 193
 194 194 195 195 195 117  23  24  23  22  38 194 194 192 192 191
 137 132 130 162 156 117  86  97  57  64  85 147 140 172 165 152
  20  26  24  19  19 118 192 192 195 193 181  20  18  20  20  17
  19  22  22  21  20 109 194 195 193 194 189  25  20  20  23  22
  18  20  19  19  20 112 197 195 192 195 184  21  17  14  16  22
  21  21  21  20  20 126 195 193 194 195 175  19  17  17  13  18
  22  21  19  21  19 111 193 192 195 195 189  22  17  20  17  14

 198 198 197 196 198 197 197 197 197 197 162  22  26  27  23  18
 196 197 198 196 195 194 197 199 199 197 170  25  26  18  13  18
 194 195 197 196 197 194 194 197 198 198 180  26  25  19  19  22
 186 193 196 195 197 195 193 197 199 197 148  21  22  22  21  20
 195 198 197 196 199 196 196 197 202 200 153  26  29  25  25  30
 198 197 196 196 193 112  47  65  56  45  86 186 196 192 181 197
 195 195 198 197 195 103  27  22  21  26  65 198 198 201 198 204
 192 192 198 197 198  76  27  24  21  29  58 200 198 197 198 201
 193 196 196 197 195  84  26  24  24  28  96 197 198 197 198 198
 195 195 197 197 197  91  29  26  27  28  86 193 196 199 199 200
 196 197 196 195 197 152 117 125 139 121 120 120 110 114 131 117
 198 197 194 196 198 198 196 194 196 196 162  25  23  25  25  24
 196 195 197 196 199 198 197 195 196 198 167  23  25  22  26  27
 195 196 197 199 197 197 194 195 195 199 135  28  27  24  26  23
 195 194 194 198 196 195 195 197 198 197 138  31  26  25  25  24
 194 189 184 175 184 193 187 180 172 195 142  26  26  20  25  29
 191 190 191 190 190 189 189 190 192 189 149  12  19  19  15  11
 189 189 190 190 190 188 190 191 191 189 161  15  19  14  12  16
 189 188 189 190 191 188 188 189 189 189 170  15  19  12  14  17
 181 188 190 190 191 190 188 189 189 191 138  15  18  15  15  16
 190 191 190 190 191 191 189 190 194 191 143  13  17  13  13  16
 192 190 190 190 190 103  35  55  42  30  78 178 188 182 172 187
 188 188 190 190 190  93  20  18  15  17  57 189 190 189 190 192
 185 188 191 190 190  67  20  15  14  19  50 191 190 188 190 191
 187 190 190 189 190  73  22  19  16  19  89 189 191 192 191 191
 189 191 190 189 189  78  17  15  17  15  77 189 189 192 191 192
 190 192 189 187 189 139 105 113 127 112 112 112 102 106 118 104
 193 192 187 188 189 189 189 187 190 189 155  16  14  16  16  14
 190 189 191 190 192 189 190 188 190 189 158  14  17  15  16  15
 191 192 190 191 190 189 189 189 187 190 126  21  18  17  17  14
 191 190 190 191 189 190 190 190 189 189 130  23  19  16  18  17
 190 185 178 168 177 187 180 173 164 190 132  15  17  15  18  17
 197 195 198 197 196 195 195 193 193 191 152  17  22  22  18  14
 196 194 195 195 195 195 195 195 194 192 165  20  23  16  13  17
 195 194 194 195 196 194 193 195 194 192 172  20  20  14  17  20
 189 193 195 194 194 193 192 194 194 194 140  18  20  17  17  17
 197 198 195 196 195 195 195 196 198 194 147  20  25  21  19  22
 199 196 194 194 193 108  43  63  50  38  85 181 189 184 175 189
 196 194 198 195 193 100  25  20  17  22  64 193 194 195 195 195
 195 195 199 197 194  74  26  20  19  23  57 195 193 192 194 195
 196 198 197 196 195  80  25  23  22  24  97 192 195 195 193 192
 198 198 197 195 195  86  26  23  23  23  86 192 194 197 195 193
 198 199 196 193 194 147 113 119 132 117 117 118 109 112 126 111
 198 200 194 194 197 198 196 193 195 195 156  19  20  20  20  19
 198 196 198 197 198 197 198 195 195 195 162  19  21  19  20  21
 196 196 199 201 197 197 196 196 193 195 130  24  22  19  21  19
 195 194 197 199 196 195 196 196 196 194 132  26  22  20  21  21
 196 190 185 175 183 192 187 180 173 194 137  20  19  18  21  22

  18  18  22  20  30 197 204 201 198 200 117  24  27  23  24  29
  23  13  19  21  25 181 198 198 198 199 131  25  26  26  25  25
  27  18  19  22  25 192 201 197 197 199 114  25  22  24  25  20
  26  26  25  22  29 196 198 198 198 196 110  23  25  27  26  26
  22  25  26  21  26 186 198 200 197 193 120  25  23  28  31  26
 162 170 180 148 153  86  65  58  96  86 120 162 167 135 138 142
 197 197 198 197 200  45  26  29  28  28 121 196 198 199 197 195
 197 199 198 199 202  56  21  21  24  27 139 196 196 195 198 172
 197 199 197 197 197  65  22  24  24  26 125 194 195 195 197 180
 197 197 194 193 196  47  27  27  26  29 117 196 197 194 195 187
 197 194 194 195 196 112 103  76  84  91 152 198 198 197 195 193
 198 195 197 197 199 193 195 198 195 197 197 198 199 197 196 184
 196 196 196 195 196 196 197 197 197 197 195 196 196 199 198 175
 197 198 197 196 197 196 198 198 196 197 196 194 197 197 194 184
 198 197 195 193 198 197 195 192 196 195 197 197 195 196 194 189
 198 196 194 186 195 198 195 192 193 195 196 198 196 195 195 194
  11  16  17  16  16 187 192 191 191 192 104  14  15  14  17  17
  15  12  14  15  13 172 190 190 191 191 118  16  16  17  18  18
  19  14  12  15  13 182 189 188 192 192 106  16  15  17  16  15
  19  19  19  18  17 188 190 190 191 189 102  14  17  18  19  17
  12  15  15  15  13 178 189 191 189 189 112  16  14  21  23  15
 149 161 170 138 143  78  57  50  89  77 112 155 158 126 130 132
 189 189 189 191 191  30  17  19  19  15 112 189 189 190 189 190
 192 191 189 189 194  42  15  14  16  17 127 190 190 187 189 164
 190 191 189 189 190  55  18  15  19  15 113 187 188 189 190 173
 189 190 188 188 189  35  20  20  22  17 105 189 190 189 190 180
 189 188 188 190 191 103  93  67  73  78 139 189 189 189 190 187
 190 190 191 191 191 190 190 190 190 189 189 189 192 190 189 177
 190 190 190 190 190 190 190 190 189 189 187 188 190 191 191 168
 191 190 189 190 190 190 190 191 190 190 189 187 191 190 190 178
 190 189 188 188 191 190 188 188 190 191 192 192 189 192 190 185
 191 189 189 181 190 192 188 185 187 189 190 193 190 191 191 190
  14  17  20  17  22 189 195 195 192 193 111  19  21  19  21  22
  18  13  17  17  19 175 195 194 193 195 126  20  20  21  21  21
  22  16  14  17  21 184 195 192 195 197 112  20  19  19  20  18
  22  23  20  20  25 189 194 193 195 194 109  20  21  22  22  19
  17  20  20  18  20 181 193 195 192 192 118  19  19  24  26  20
 152 165 172 140 147  85  64  57  97  86 117 156 162 130 132 137
 191 192 192 194 194  38  22  23  24  23 117 195 195 195 194 194
 193 194 194 194 198  50  17  19  22  23 132 195 195 193 196 173
 193 195 195 194 196  63  20  20  23  23 119 193 195 196 196 180
 195 195 193 192 195  43  25  26  25  26 113 196 198 196 196 187
 195 195 194 193 195 108 100  74  80  86 147 198 197 197 195 192
 196 195 196 194 195 193 193 194 195 195 194 197 198 197 196 183
 197 195 195 194 196 194 195 197 196 195 193 194 197 201 199 175
 198 195 194 195 195 194 198 199 197 197 196 194 198 199 197 185
 195 194 194 193 198 196 194 195 198 198 199 200 196 196 194 190
 197 196 195 189 197 199 196 195 196 198 198 198 198 196 195 196

  29  25  20  26  26 142 195 172 180 187 193 184 175 184 189 194
  24  25  25  26  31 138 197 198 197 195 195 196 198 194 194 195
  23  26  24  27  28 135 199 195 195 194 197 197 199 197 196 195
  27  26  22  25  23 167 198 196 195 197 198 199 196 197 195 196
  24  25  25  23  25 162 196 196 194 196 198 198 196 194 197 198
 117 131 114 110 120 120 121 139 125 117 152 197 195 196 197 196
 200 199 199 196 193  86  28  27  26  29  91 197 197 197 195 195
 198 198 197 198 197  96  28  24  24  26  84 195 197 196 196 193
 201 198 197 198 200  58  29  21  24  27  76 198 197 198 192 192
 204 198 201 198 198  65  26  21  22  27 103 195 197 198 195 195
 197 181 192 196 186  86  45  56  65  47 112 193 196 196 197 198
  30  25  25  29  26 153 200 202 197 196 196 199 196 197 198 195
  20  21  22  22  21 148 197 199 197 193 195 197 195 196 193 186
  22  19  19  25  26 180 198 198 197 194 194 197 196 197 195 194
  18  13  18  26  25 170 197 199 199 197 194 195 196 198 197 196
  18  23  27  26  22 162 197 197 197 197 197 198 196 197 198 198
  17  18  15  17  15 132 190 164 173 180 187 177 168 178 185 190
  17  18  16  19  23 130 189 189 190 190 190 189 191 190 190 191
  14  17  17  18  21 126 190 187 189 189 189 190 191 190 192 191
  15  16  15  17  14 158 189 190 188 190 189 192 190 191 189 190
  14  16  16  14  16 155 189 190 187 189 189 189 188 187 192 193
 104 118 106 102 112 112 112 127 113 105 139 189 187 189 192 190
 192 191 192 189 189  77  15  17  15  17  78 189 189 190 191 189
 191 191 192 191 189  89  19  16  19  22  73 190 189 190 190 187
 191 190 188 190 191  50  19  14  15  20  67 190 190 191 188 185
 192 190 189 190 189  57  17  15  18  20  93 190 190 190 188 188
 187 172 182 188 178  78  30  42  55  35 103 190 190 190 190 192
  16  13  13  17  13 143 191 194 190 189 191 191 190 190 191 190
  16  15  15  18  15 138 191 189 189 188 190 191 190 190 188 181
  17  14  12  19  15 170 189 189 189 188 188 191 190 189 188 189
  16  12  14  19  15 161 189 191 191 190 188 190 190 190 189 189
  11  15  19  19  12 149 189 192 190 189 189 190 190 191 190 191
  22  21  18  19  20 137 194 173 180 187 192 183 175 185 190 196
  21  21  20  22  26 132 194 196 196 196 195 196 199 197 194 195
  19  21  19  22  24 130 195 193 196 196 197 197 201 199 196 196
  21  20  19  21  19 162 195 195 195 198 197 198 197 198 196 198
  19  20  20  20  19 156 195 195 193 196 198 197 194 194 200 198
 111 126 112 109 118 117 117 132 119 113 147 194 193 196 199 198
 193 195 197 194 192  86  23  23  23  26  86 195 195 197 198 198
 192 193 195 195 192  97  24  22  23  25  80 195 196 197 198 196
 195 194 192 193 195  57  23  19  20  26  74 194 197 199 195 195
 195 195 195 194 193  64  22  17  20  25 100 193 195 198 194 196
 189 175 184 189 181  85  38  50  63  43 108 193 194 194 196 199
  22  19  21  25  20 147 194 198 196 195 195 195 196 195 198 197
  17  17  17  20  18 140 194 194 194 192 193 194 194 195 193 189
  20  17  14  20  20 172 192 194 195 193 194 196 195 194 194 195
  17  13  16  23  20 165 192 194 195 195 195 195 195 195 194 196
  14  18  22  22  17 152 191 193 193 195 195 196 197 198 195 197

